# Field minima and maxima
# Time        	field         	min           	location(min) 	max           	location(max) 
1             	mag(U)        	0.000000e+00	(-1.980858e-02 2.540000e-02 -1.473427e-21)	6.500000e+00	(-2.060000e-02 1.594203e-04 1.400103e-21)
2             	mag(U)        	0.000000e+00	(-1.980858e-02 2.540000e-02 -1.473427e-21)	1.135556e+01	(-3.957092e-04 1.594203e-04 -2.485108e-21)
3             	mag(U)        	0.000000e+00	(-1.980858e-02 2.540000e-02 -1.473427e-21)	1.549552e+01	(-3.957092e-04 1.594203e-04 -2.485108e-21)
4             	mag(U)        	0.000000e+00	(-1.980858e-02 2.540000e-02 -1.473427e-21)	1.403665e+01	(2.644796e-04 1.599403e-04 -4.718007e-21)
5             	mag(U)        	0.000000e+00	(-1.980858e-02 2.540000e-02 -1.473427e-21)	8.455485e+00	(-4.785636e-03 4.897030e-04 1.180688e-20)
6             	mag(U)        	0.000000e+00	(-1.980858e-02 2.540000e-02 -1.473427e-21)	8.725800e+00	(7.947134e-04 -1.998231e-03 -4.427105e-21)
7             	mag(U)        	0.000000e+00	(-1.980858e-02 2.540000e-02 -1.473427e-21)	7.896602e+00	(7.947134e-04 -1.998231e-03 -4.427105e-21)
8             	mag(U)        	0.000000e+00	(-1.980858e-02 2.540000e-02 -1.473427e-21)	8.816145e+00	(-3.957092e-04 1.594203e-04 -2.485108e-21)
9             	mag(U)        	0.000000e+00	(-1.980858e-02 2.540000e-02 -1.473427e-21)	1.011617e+01	(2.874282e-01 -1.655703e-02 1.902175e-20)
10            	mag(U)        	0.000000e+00	(-1.980858e-02 2.540000e-02 -1.473427e-21)	9.383674e+00	(2.874282e-01 -1.655703e-02 1.902175e-20)
11            	mag(U)        	0.000000e+00	(-1.980858e-02 2.540000e-02 -1.473427e-21)	7.538318e+00	(2.874282e-01 -1.655703e-02 1.902175e-20)
12            	mag(U)        	0.000000e+00	(-1.980858e-02 2.540000e-02 -1.473427e-21)	6.785884e+00	(-1.264799e-02 2.473835e-02 -2.803006e-20)
13            	mag(U)        	0.000000e+00	(-1.980858e-02 2.540000e-02 -1.473427e-21)	6.997068e+00	(2.874282e-01 -1.655703e-02 1.902175e-20)
14            	mag(U)        	0.000000e+00	(-1.980858e-02 2.540000e-02 -1.473427e-21)	8.051965e+00	(2.874282e-01 -1.655703e-02 1.902175e-20)
15            	mag(U)        	0.000000e+00	(-1.980858e-02 2.540000e-02 -1.473427e-21)	8.593046e+00	(2.874282e-01 -1.655703e-02 1.902175e-20)
16            	mag(U)        	0.000000e+00	(-1.980858e-02 2.540000e-02 -1.473427e-21)	8.317918e+00	(2.874282e-01 -1.655703e-02 1.902175e-20)
17            	mag(U)        	0.000000e+00	(-1.980858e-02 2.540000e-02 -1.473427e-21)	7.702031e+00	(2.874282e-01 -1.655703e-02 1.902175e-20)
18            	mag(U)        	0.000000e+00	(-1.980858e-02 2.540000e-02 -1.473427e-21)	7.404806e+00	(2.874282e-01 -1.655703e-02 1.902175e-20)
19            	mag(U)        	0.000000e+00	(-1.980858e-02 2.540000e-02 -1.473427e-21)	7.589311e+00	(2.874282e-01 -1.655703e-02 1.902175e-20)
20            	mag(U)        	0.000000e+00	(-1.980858e-02 2.540000e-02 -1.473427e-21)	7.960509e+00	(2.874282e-01 -1.655703e-02 1.902175e-20)
21            	mag(U)        	0.000000e+00	(-1.980858e-02 2.540000e-02 -1.473427e-21)	8.146413e+00	(2.874282e-01 -1.655703e-02 1.902175e-20)
22            	mag(U)        	0.000000e+00	(-1.980858e-02 2.540000e-02 -1.473427e-21)	8.070735e+00	(2.874282e-01 -1.655703e-02 1.902175e-20)
23            	mag(U)        	0.000000e+00	(-1.980858e-02 2.540000e-02 -1.473427e-21)	7.905471e+00	(2.874282e-01 -1.655703e-02 1.902175e-20)
24            	mag(U)        	0.000000e+00	(-1.980858e-02 2.540000e-02 -1.473427e-21)	7.819340e+00	(2.874282e-01 -1.655703e-02 1.902175e-20)
25            	mag(U)        	0.000000e+00	(-1.980858e-02 2.540000e-02 -1.473427e-21)	7.873546e+00	(2.874282e-01 -1.655703e-02 1.902175e-20)
26            	mag(U)        	0.000000e+00	(-1.980858e-02 2.540000e-02 -1.473427e-21)	7.981369e+00	(2.874282e-01 -1.655703e-02 1.902175e-20)
27            	mag(U)        	0.000000e+00	(-1.980858e-02 2.540000e-02 -1.473427e-21)	8.034935e+00	(2.874282e-01 -1.655703e-02 1.902175e-20)
28            	mag(U)        	0.000000e+00	(-1.980858e-02 2.540000e-02 -1.473427e-21)	8.006630e+00	(2.874282e-01 -1.655703e-02 1.902175e-20)
29            	mag(U)        	0.000000e+00	(-1.980858e-02 2.540000e-02 -1.473427e-21)	7.956669e+00	(2.874282e-01 -1.655703e-02 1.902175e-20)
30            	mag(U)        	0.000000e+00	(-1.980858e-02 2.540000e-02 -1.473427e-21)	7.937346e+00	(2.874282e-01 -1.655703e-02 1.902175e-20)
31            	mag(U)        	0.000000e+00	(-1.980858e-02 2.540000e-02 -1.473427e-21)	7.955752e+00	(2.874282e-01 -1.655703e-02 1.902175e-20)
32            	mag(U)        	0.000000e+00	(-1.980858e-02 2.540000e-02 -1.473427e-21)	7.989578e+00	(2.874282e-01 -1.655703e-02 1.902175e-20)
33            	mag(U)        	0.000000e+00	(-1.980858e-02 2.540000e-02 -1.473427e-21)	8.014159e+00	(2.874282e-01 -1.655703e-02 1.902175e-20)
34            	mag(U)        	0.000000e+00	(-1.980858e-02 2.540000e-02 -1.473427e-21)	8.016841e+00	(2.874282e-01 -1.655703e-02 1.902175e-20)
35            	mag(U)        	0.000000e+00	(-1.980858e-02 2.540000e-02 -1.473427e-21)	8.002819e+00	(2.874282e-01 -1.655703e-02 1.902175e-20)
36            	mag(U)        	0.000000e+00	(-1.980858e-02 2.540000e-02 -1.473427e-21)	7.989933e+00	(2.874282e-01 -1.655703e-02 1.902175e-20)
37            	mag(U)        	0.000000e+00	(-1.980858e-02 2.540000e-02 -1.473427e-21)	7.985896e+00	(2.874282e-01 -1.655703e-02 1.902175e-20)
38            	mag(U)        	0.000000e+00	(-1.980858e-02 2.540000e-02 -1.473427e-21)	7.990836e+00	(2.874282e-01 -1.655703e-02 1.902175e-20)
39            	mag(U)        	0.000000e+00	(-1.980858e-02 2.540000e-02 -1.473427e-21)	8.000035e+00	(2.874282e-01 -1.655703e-02 1.902175e-20)
40            	mag(U)        	0.000000e+00	(-1.980858e-02 2.540000e-02 -1.473427e-21)	8.003909e+00	(2.874282e-01 -1.655703e-02 1.902175e-20)
41            	mag(U)        	0.000000e+00	(-1.980858e-02 2.540000e-02 -1.473427e-21)	7.998065e+00	(2.874282e-01 -1.655703e-02 1.902175e-20)
42            	mag(U)        	0.000000e+00	(-1.980858e-02 2.540000e-02 -1.473427e-21)	7.988075e+00	(2.874282e-01 -1.655703e-02 1.902175e-20)
43            	mag(U)        	0.000000e+00	(-1.980858e-02 2.540000e-02 -1.473427e-21)	7.982702e+00	(2.874282e-01 -1.655703e-02 1.902175e-20)
44            	mag(U)        	0.000000e+00	(-1.980858e-02 2.540000e-02 -1.473427e-21)	7.982945e+00	(2.874282e-01 -1.655703e-02 1.902175e-20)
45            	mag(U)        	0.000000e+00	(-1.980858e-02 2.540000e-02 -1.473427e-21)	7.984837e+00	(2.874282e-01 -1.655703e-02 1.902175e-20)
46            	mag(U)        	0.000000e+00	(-1.980858e-02 2.540000e-02 -1.473427e-21)	7.983835e+00	(2.874282e-01 -1.655703e-02 1.902175e-20)
47            	mag(U)        	0.000000e+00	(-1.980858e-02 2.540000e-02 -1.473427e-21)	7.979098e+00	(2.874282e-01 -1.655703e-02 1.902175e-20)
48            	mag(U)        	0.000000e+00	(-1.980858e-02 2.540000e-02 -1.473427e-21)	7.973336e+00	(2.874282e-01 -1.655703e-02 1.902175e-20)
49            	mag(U)        	0.000000e+00	(-1.980858e-02 2.540000e-02 -1.473427e-21)	7.969512e+00	(2.874282e-01 -1.655703e-02 1.902175e-20)
50            	mag(U)        	0.000000e+00	(-1.980858e-02 2.540000e-02 -1.473427e-21)	7.967704e+00	(2.874282e-01 -1.655703e-02 1.902175e-20)
51            	mag(U)        	0.000000e+00	(-1.980858e-02 2.540000e-02 -1.473427e-21)	7.966162e+00	(2.874282e-01 -1.655703e-02 1.902175e-20)
52            	mag(U)        	0.000000e+00	(-1.980858e-02 2.540000e-02 -1.473427e-21)	7.963106e+00	(2.874282e-01 -1.655703e-02 1.902175e-20)
53            	mag(U)        	0.000000e+00	(-1.980858e-02 2.540000e-02 -1.473427e-21)	7.958644e+00	(2.874282e-01 -1.655703e-02 1.902175e-20)
54            	mag(U)        	0.000000e+00	(-1.980858e-02 2.540000e-02 -1.473427e-21)	7.954520e+00	(2.874282e-01 -1.655703e-02 1.902175e-20)
55            	mag(U)        	0.000000e+00	(-1.980858e-02 2.540000e-02 -1.473427e-21)	7.951242e+00	(2.874282e-01 -1.655703e-02 1.902175e-20)
56            	mag(U)        	0.000000e+00	(-1.980858e-02 2.540000e-02 -1.473427e-21)	7.948608e+00	(2.874282e-01 -1.655703e-02 1.902175e-20)
57            	mag(U)        	0.000000e+00	(-1.980858e-02 2.540000e-02 -1.473427e-21)	7.945844e+00	(2.874282e-01 -1.655703e-02 1.902175e-20)
58            	mag(U)        	0.000000e+00	(-1.980858e-02 2.540000e-02 -1.473427e-21)	7.942533e+00	(2.874282e-01 -1.655703e-02 1.902175e-20)
59            	mag(U)        	0.000000e+00	(-1.980858e-02 2.540000e-02 -1.473427e-21)	7.938768e+00	(2.874282e-01 -1.655703e-02 1.902175e-20)
60            	mag(U)        	0.000000e+00	(-1.980858e-02 2.540000e-02 -1.473427e-21)	7.934940e+00	(2.874282e-01 -1.655703e-02 1.902175e-20)
61            	mag(U)        	0.000000e+00	(-1.980858e-02 2.540000e-02 -1.473427e-21)	7.931442e+00	(2.874282e-01 -1.655703e-02 1.902175e-20)
62            	mag(U)        	0.000000e+00	(-1.980858e-02 2.540000e-02 -1.473427e-21)	7.928321e+00	(2.874282e-01 -1.655703e-02 1.902175e-20)
63            	mag(U)        	0.000000e+00	(-1.980858e-02 2.540000e-02 -1.473427e-21)	7.925269e+00	(2.874282e-01 -1.655703e-02 1.902175e-20)
64            	mag(U)        	0.000000e+00	(-1.980858e-02 2.540000e-02 -1.473427e-21)	7.922099e+00	(2.874282e-01 -1.655703e-02 1.902175e-20)
65            	mag(U)        	0.000000e+00	(-1.980858e-02 2.540000e-02 -1.473427e-21)	7.918807e+00	(2.874282e-01 -1.655703e-02 1.902175e-20)
66            	mag(U)        	0.000000e+00	(-1.980858e-02 2.540000e-02 -1.473427e-21)	7.915487e+00	(2.874282e-01 -1.655703e-02 1.902175e-20)
67            	mag(U)        	0.000000e+00	(-1.980858e-02 2.540000e-02 -1.473427e-21)	7.912221e+00	(2.874282e-01 -1.655703e-02 1.902175e-20)
68            	mag(U)        	0.000000e+00	(-1.980858e-02 2.540000e-02 -1.473427e-21)	7.908989e+00	(2.874282e-01 -1.655703e-02 1.902175e-20)
69            	mag(U)        	0.000000e+00	(-1.980858e-02 2.540000e-02 -1.473427e-21)	7.905723e+00	(2.874282e-01 -1.655703e-02 1.902175e-20)
70            	mag(U)        	0.000000e+00	(-1.980858e-02 2.540000e-02 -1.473427e-21)	7.902401e+00	(2.874282e-01 -1.655703e-02 1.902175e-20)
71            	mag(U)        	0.000000e+00	(-1.980858e-02 2.540000e-02 -1.473427e-21)	7.899027e+00	(2.874282e-01 -1.655703e-02 1.902175e-20)
72            	mag(U)        	0.000000e+00	(-1.980858e-02 2.540000e-02 -1.473427e-21)	7.895626e+00	(2.874282e-01 -1.655703e-02 1.902175e-20)
73            	mag(U)        	0.000000e+00	(-1.980858e-02 2.540000e-02 -1.473427e-21)	7.892225e+00	(2.874282e-01 -1.655703e-02 1.902175e-20)
74            	mag(U)        	0.000000e+00	(-1.980858e-02 2.540000e-02 -1.473427e-21)	7.888824e+00	(2.874282e-01 -1.655703e-02 1.902175e-20)
75            	mag(U)        	0.000000e+00	(-1.980858e-02 2.540000e-02 -1.473427e-21)	7.885379e+00	(2.874282e-01 -1.655703e-02 1.902175e-20)
76            	mag(U)        	0.000000e+00	(-1.980858e-02 2.540000e-02 -1.473427e-21)	7.881817e+00	(2.874282e-01 -1.655703e-02 1.902175e-20)
77            	mag(U)        	0.000000e+00	(-1.980858e-02 2.540000e-02 -1.473427e-21)	7.878064e+00	(2.874282e-01 -1.655703e-02 1.902175e-20)
78            	mag(U)        	0.000000e+00	(-1.980858e-02 2.540000e-02 -1.473427e-21)	7.874052e+00	(2.874282e-01 -1.655703e-02 1.902175e-20)
79            	mag(U)        	0.000000e+00	(-1.980858e-02 2.540000e-02 -1.473427e-21)	7.869841e+00	(2.874282e-01 -1.655703e-02 1.902175e-20)
80            	mag(U)        	0.000000e+00	(-1.980858e-02 2.540000e-02 -1.473427e-21)	7.865454e+00	(2.874282e-01 -1.655703e-02 1.902175e-20)
81            	mag(U)        	0.000000e+00	(-1.980858e-02 2.540000e-02 -1.473427e-21)	7.860836e+00	(2.874282e-01 -1.655703e-02 1.902175e-20)
82            	mag(U)        	0.000000e+00	(-1.980858e-02 2.540000e-02 -1.473427e-21)	7.855939e+00	(2.874282e-01 -1.655703e-02 1.902175e-20)
83            	mag(U)        	0.000000e+00	(-1.980858e-02 2.540000e-02 -1.473427e-21)	7.850770e+00	(2.874282e-01 -1.655703e-02 1.902175e-20)
84            	mag(U)        	0.000000e+00	(-1.980858e-02 2.540000e-02 -1.473427e-21)	7.845382e+00	(2.874282e-01 -1.655703e-02 1.902175e-20)
85            	mag(U)        	0.000000e+00	(-1.980858e-02 2.540000e-02 -1.473427e-21)	7.839803e+00	(2.874282e-01 -1.655703e-02 1.902175e-20)
86            	mag(U)        	0.000000e+00	(-1.980858e-02 2.540000e-02 -1.473427e-21)	7.833992e+00	(2.874282e-01 -1.655703e-02 1.902175e-20)
87            	mag(U)        	0.000000e+00	(-1.980858e-02 2.540000e-02 -1.473427e-21)	7.827592e+00	(2.874282e-01 -1.655703e-02 1.902175e-20)
88            	mag(U)        	0.000000e+00	(-1.980858e-02 2.540000e-02 -1.473427e-21)	7.820998e+00	(2.874282e-01 -1.655703e-02 1.902175e-20)
89            	mag(U)        	0.000000e+00	(-1.980858e-02 2.540000e-02 -1.473427e-21)	7.814398e+00	(2.874282e-01 -1.655703e-02 1.902175e-20)
90            	mag(U)        	0.000000e+00	(-1.980858e-02 2.540000e-02 -1.473427e-21)	7.807072e+00	(2.874282e-01 -1.655703e-02 1.902175e-20)
91            	mag(U)        	0.000000e+00	(-1.980858e-02 2.540000e-02 -1.473427e-21)	7.799263e+00	(2.874282e-01 -1.655703e-02 1.902175e-20)
92            	mag(U)        	0.000000e+00	(-1.980858e-02 2.540000e-02 -1.473427e-21)	7.791338e+00	(2.874282e-01 -1.655703e-02 1.902175e-20)
93            	mag(U)        	0.000000e+00	(-1.980858e-02 2.540000e-02 -1.473427e-21)	7.782808e+00	(2.874282e-01 -1.655703e-02 1.902175e-20)
94            	mag(U)        	0.000000e+00	(-1.980858e-02 2.540000e-02 -1.473427e-21)	7.773960e+00	(2.874282e-01 -1.655703e-02 1.902175e-20)
95            	mag(U)        	0.000000e+00	(-1.980858e-02 2.540000e-02 -1.473427e-21)	7.764712e+00	(2.874282e-01 -1.655703e-02 1.902175e-20)
96            	mag(U)        	0.000000e+00	(-1.980858e-02 2.540000e-02 -1.473427e-21)	7.755302e+00	(2.874282e-01 -1.655703e-02 1.902175e-20)
97            	mag(U)        	0.000000e+00	(-1.980858e-02 2.540000e-02 -1.473427e-21)	7.745411e+00	(2.874282e-01 -1.655703e-02 1.902175e-20)
98            	mag(U)        	0.000000e+00	(-1.980858e-02 2.540000e-02 -1.473427e-21)	7.734712e+00	(2.874282e-01 -1.655703e-02 1.902175e-20)
99            	mag(U)        	0.000000e+00	(-1.980858e-02 2.540000e-02 -1.473427e-21)	7.723945e+00	(2.874282e-01 -1.655703e-02 1.902175e-20)
100           	mag(U)        	0.000000e+00	(-1.980858e-02 2.540000e-02 -1.473427e-21)	7.713189e+00	(2.874282e-01 -1.655703e-02 1.902175e-20)
101           	mag(U)        	0.000000e+00	(-1.980858e-02 2.540000e-02 -1.473427e-21)	7.701548e+00	(2.874282e-01 -1.655703e-02 1.902175e-20)
102           	mag(U)        	0.000000e+00	(-1.980858e-02 2.540000e-02 -1.473427e-21)	7.689021e+00	(2.874282e-01 -1.655703e-02 1.902175e-20)
103           	mag(U)        	0.000000e+00	(-1.980858e-02 2.540000e-02 -1.473427e-21)	7.676387e+00	(2.874282e-01 -1.655703e-02 1.902175e-20)
104           	mag(U)        	0.000000e+00	(-1.980858e-02 2.540000e-02 -1.473427e-21)	7.663827e+00	(2.874282e-01 -1.655703e-02 1.902175e-20)
105           	mag(U)        	0.000000e+00	(-1.980858e-02 2.540000e-02 -1.473427e-21)	7.650724e+00	(2.874282e-01 -1.655703e-02 1.902175e-20)
106           	mag(U)        	0.000000e+00	(-1.980858e-02 2.540000e-02 -1.473427e-21)	7.636928e+00	(2.874282e-01 -1.655703e-02 1.902175e-20)
107           	mag(U)        	0.000000e+00	(-1.980858e-02 2.540000e-02 -1.473427e-21)	7.622713e+00	(2.874282e-01 -1.655703e-02 1.902175e-20)
108           	mag(U)        	0.000000e+00	(-1.980858e-02 2.540000e-02 -1.473427e-21)	7.608207e+00	(2.874282e-01 -1.655703e-02 1.902175e-20)
109           	mag(U)        	0.000000e+00	(-1.980858e-02 2.540000e-02 -1.473427e-21)	7.593403e+00	(2.874282e-01 -1.655703e-02 1.902175e-20)
110           	mag(U)        	0.000000e+00	(-1.980858e-02 2.540000e-02 -1.473427e-21)	7.578271e+00	(2.874282e-01 -1.655703e-02 1.902175e-20)
111           	mag(U)        	0.000000e+00	(-1.980858e-02 2.540000e-02 -1.473427e-21)	7.562703e+00	(2.874282e-01 -1.655703e-02 1.902175e-20)
112           	mag(U)        	0.000000e+00	(-1.980858e-02 2.540000e-02 -1.473427e-21)	7.546710e+00	(2.874282e-01 -1.655703e-02 1.902175e-20)
113           	mag(U)        	0.000000e+00	(-1.980858e-02 2.540000e-02 -1.473427e-21)	7.530271e+00	(2.874282e-01 -1.655703e-02 1.902175e-20)
114           	mag(U)        	0.000000e+00	(-1.980858e-02 2.540000e-02 -1.473427e-21)	7.513474e+00	(2.874282e-01 -1.655703e-02 1.902175e-20)
115           	mag(U)        	0.000000e+00	(-1.980858e-02 2.540000e-02 -1.473427e-21)	7.496381e+00	(2.874282e-01 -1.655703e-02 1.902175e-20)
116           	mag(U)        	0.000000e+00	(-1.980858e-02 2.540000e-02 -1.473427e-21)	7.478968e+00	(2.874282e-01 -1.655703e-02 1.902175e-20)
117           	mag(U)        	0.000000e+00	(-1.980858e-02 2.540000e-02 -1.473427e-21)	7.461184e+00	(2.874282e-01 -1.655703e-02 1.902175e-20)
118           	mag(U)        	0.000000e+00	(-1.980858e-02 2.540000e-02 -1.473427e-21)	7.443146e+00	(2.874282e-01 -1.655703e-02 1.902175e-20)
119           	mag(U)        	0.000000e+00	(-1.980858e-02 2.540000e-02 -1.473427e-21)	7.424864e+00	(2.874282e-01 -1.655703e-02 1.902175e-20)
120           	mag(U)        	0.000000e+00	(-1.980858e-02 2.540000e-02 -1.473427e-21)	7.406321e+00	(2.874282e-01 -1.655703e-02 1.902175e-20)
121           	mag(U)        	0.000000e+00	(-1.980858e-02 2.540000e-02 -1.473427e-21)	7.387515e+00	(2.874282e-01 -1.655703e-02 1.902175e-20)
122           	mag(U)        	0.000000e+00	(-1.980858e-02 2.540000e-02 -1.473427e-21)	7.368504e+00	(2.874282e-01 -1.655703e-02 1.902175e-20)
123           	mag(U)        	0.000000e+00	(-1.980858e-02 2.540000e-02 -1.473427e-21)	7.349270e+00	(2.874282e-01 -1.655703e-02 1.902175e-20)
124           	mag(U)        	0.000000e+00	(-1.980858e-02 2.540000e-02 -1.473427e-21)	7.329841e+00	(2.874282e-01 -1.655703e-02 1.902175e-20)
125           	mag(U)        	0.000000e+00	(-1.980858e-02 2.540000e-02 -1.473427e-21)	7.310203e+00	(2.874282e-01 -1.655703e-02 1.902175e-20)
126           	mag(U)        	0.000000e+00	(-1.980858e-02 2.540000e-02 -1.473427e-21)	7.290530e+00	(2.874282e-01 -1.655703e-02 1.902175e-20)
127           	mag(U)        	0.000000e+00	(-1.980858e-02 2.540000e-02 -1.473427e-21)	7.270820e+00	(2.874282e-01 -1.655703e-02 1.902175e-20)
128           	mag(U)        	0.000000e+00	(-1.980858e-02 2.540000e-02 -1.473427e-21)	7.251125e+00	(2.874282e-01 -1.655703e-02 1.902175e-20)
129           	mag(U)        	0.000000e+00	(-1.980858e-02 2.540000e-02 -1.473427e-21)	7.231387e+00	(2.874282e-01 -1.655703e-02 1.902175e-20)
130           	mag(U)        	0.000000e+00	(-1.980858e-02 2.540000e-02 -1.473427e-21)	7.211235e+00	(2.874282e-01 -1.655703e-02 1.902175e-20)
131           	mag(U)        	0.000000e+00	(-1.980858e-02 2.540000e-02 -1.473427e-21)	7.190990e+00	(2.874282e-01 -1.655703e-02 1.902175e-20)
132           	mag(U)        	0.000000e+00	(-1.980858e-02 2.540000e-02 -1.473427e-21)	7.170872e+00	(2.874282e-01 -1.655703e-02 1.902175e-20)
133           	mag(U)        	0.000000e+00	(-1.980858e-02 2.540000e-02 -1.473427e-21)	7.150893e+00	(2.874282e-01 -1.655703e-02 1.902175e-20)
134           	mag(U)        	0.000000e+00	(-1.980858e-02 2.540000e-02 -1.473427e-21)	7.130611e+00	(2.874282e-01 -1.655703e-02 1.902175e-20)
135           	mag(U)        	0.000000e+00	(-1.980858e-02 2.540000e-02 -1.473427e-21)	7.110266e+00	(2.874282e-01 -1.655703e-02 1.902175e-20)
136           	mag(U)        	0.000000e+00	(-1.980858e-02 2.540000e-02 -1.473427e-21)	7.090241e+00	(2.874282e-01 -1.655703e-02 1.902175e-20)
137           	mag(U)        	0.000000e+00	(-1.980858e-02 2.540000e-02 -1.473427e-21)	7.070330e+00	(2.874282e-01 -1.655703e-02 1.902175e-20)
138           	mag(U)        	0.000000e+00	(-1.980858e-02 2.540000e-02 -1.473427e-21)	7.050339e+00	(2.874282e-01 -1.655703e-02 1.902175e-20)
139           	mag(U)        	0.000000e+00	(-1.980858e-02 2.540000e-02 -1.473427e-21)	7.029929e+00	(2.874282e-01 -1.655703e-02 1.902175e-20)
140           	mag(U)        	0.000000e+00	(-1.980858e-02 2.540000e-02 -1.473427e-21)	7.009593e+00	(2.874282e-01 -1.655703e-02 1.902175e-20)
141           	mag(U)        	0.000000e+00	(-1.980858e-02 2.540000e-02 -1.473427e-21)	6.989702e+00	(2.874282e-01 -1.655703e-02 1.902175e-20)
142           	mag(U)        	0.000000e+00	(-1.980858e-02 2.540000e-02 -1.473427e-21)	6.969862e+00	(2.874282e-01 -1.655703e-02 1.902175e-20)
143           	mag(U)        	0.000000e+00	(-1.980858e-02 2.540000e-02 -1.473427e-21)	6.949954e+00	(2.874282e-01 -1.655703e-02 1.902175e-20)
144           	mag(U)        	0.000000e+00	(-1.980858e-02 2.540000e-02 -1.473427e-21)	6.930117e+00	(2.874282e-01 -1.655703e-02 1.902175e-20)
145           	mag(U)        	0.000000e+00	(-1.980858e-02 2.540000e-02 -1.473427e-21)	6.910418e+00	(2.874282e-01 -1.655703e-02 1.902175e-20)
146           	mag(U)        	0.000000e+00	(-1.980858e-02 2.540000e-02 -1.473427e-21)	6.890870e+00	(2.874282e-01 -1.655703e-02 1.902175e-20)
147           	mag(U)        	0.000000e+00	(-1.980858e-02 2.540000e-02 -1.473427e-21)	6.871503e+00	(2.874282e-01 -1.655703e-02 1.902175e-20)
148           	mag(U)        	0.000000e+00	(-1.980858e-02 2.540000e-02 -1.473427e-21)	6.852235e+00	(2.874282e-01 -1.655703e-02 1.902175e-20)
149           	mag(U)        	0.000000e+00	(-1.980858e-02 2.540000e-02 -1.473427e-21)	6.833044e+00	(2.874282e-01 -1.655703e-02 1.902175e-20)
150           	mag(U)        	0.000000e+00	(-1.980858e-02 2.540000e-02 -1.473427e-21)	6.813895e+00	(2.874282e-01 -1.655703e-02 1.902175e-20)
151           	mag(U)        	0.000000e+00	(-1.980858e-02 2.540000e-02 -1.473427e-21)	6.794783e+00	(2.874282e-01 -1.655703e-02 1.902175e-20)
152           	mag(U)        	0.000000e+00	(-1.980858e-02 2.540000e-02 -1.473427e-21)	6.775773e+00	(2.874282e-01 -1.655703e-02 1.902175e-20)
153           	mag(U)        	0.000000e+00	(-1.980858e-02 2.540000e-02 -1.473427e-21)	6.756917e+00	(2.874282e-01 -1.655703e-02 1.902175e-20)
154           	mag(U)        	0.000000e+00	(-1.980858e-02 2.540000e-02 -1.473427e-21)	6.738259e+00	(2.874282e-01 -1.655703e-02 1.902175e-20)
155           	mag(U)        	0.000000e+00	(-1.980858e-02 2.540000e-02 -1.473427e-21)	6.719865e+00	(2.874282e-01 -1.655703e-02 1.902175e-20)
156           	mag(U)        	0.000000e+00	(-1.980858e-02 2.540000e-02 -1.473427e-21)	6.701769e+00	(2.874282e-01 -1.655703e-02 1.902175e-20)
157           	mag(U)        	0.000000e+00	(-1.980858e-02 2.540000e-02 -1.473427e-21)	6.683928e+00	(2.874282e-01 -1.655703e-02 1.902175e-20)
158           	mag(U)        	0.000000e+00	(-1.980858e-02 2.540000e-02 -1.473427e-21)	6.666325e+00	(2.874282e-01 -1.655703e-02 1.902175e-20)
159           	mag(U)        	0.000000e+00	(-1.980858e-02 2.540000e-02 -1.473427e-21)	6.648953e+00	(2.874282e-01 -1.655703e-02 1.902175e-20)
160           	mag(U)        	0.000000e+00	(-1.980858e-02 2.540000e-02 -1.473427e-21)	6.631823e+00	(2.874282e-01 -1.655703e-02 1.902175e-20)
161           	mag(U)        	0.000000e+00	(-1.980858e-02 2.540000e-02 -1.473427e-21)	6.627376e+00	(-3.957092e-04 1.629712e-03 -5.033340e-21)
162           	mag(U)        	0.000000e+00	(-1.980858e-02 2.540000e-02 -1.473427e-21)	6.627365e+00	(-3.957092e-04 1.629712e-03 -5.033340e-21)
163           	mag(U)        	0.000000e+00	(-1.980858e-02 2.540000e-02 -1.473427e-21)	6.627362e+00	(-3.957092e-04 1.629712e-03 -5.033340e-21)
164           	mag(U)        	0.000000e+00	(-1.980858e-02 2.540000e-02 -1.473427e-21)	6.627364e+00	(-3.957092e-04 1.629712e-03 -5.033340e-21)
165           	mag(U)        	0.000000e+00	(-1.980858e-02 2.540000e-02 -1.473427e-21)	6.627367e+00	(-3.957092e-04 1.629712e-03 -5.033340e-21)
166           	mag(U)        	0.000000e+00	(-1.980858e-02 2.540000e-02 -1.473427e-21)	6.627365e+00	(-3.957092e-04 1.629712e-03 -5.033340e-21)
167           	mag(U)        	0.000000e+00	(-1.980858e-02 2.540000e-02 -1.473427e-21)	6.627354e+00	(-3.957092e-04 1.629712e-03 -5.033340e-21)
168           	mag(U)        	0.000000e+00	(-1.980858e-02 2.540000e-02 -1.473427e-21)	6.627337e+00	(-3.957092e-04 1.629712e-03 -5.033340e-21)
169           	mag(U)        	0.000000e+00	(-1.980858e-02 2.540000e-02 -1.473427e-21)	6.627321e+00	(-3.957092e-04 1.629712e-03 -5.033340e-21)
170           	mag(U)        	0.000000e+00	(-1.980858e-02 2.540000e-02 -1.473427e-21)	6.627312e+00	(-3.957092e-04 1.629712e-03 -5.033340e-21)
171           	mag(U)        	0.000000e+00	(-1.980858e-02 2.540000e-02 -1.473427e-21)	6.627312e+00	(-3.957092e-04 1.629712e-03 -5.033340e-21)
172           	mag(U)        	0.000000e+00	(-1.980858e-02 2.540000e-02 -1.473427e-21)	6.627313e+00	(-3.957092e-04 1.629712e-03 -5.033340e-21)
173           	mag(U)        	0.000000e+00	(-1.980858e-02 2.540000e-02 -1.473427e-21)	6.627309e+00	(-3.957092e-04 1.629712e-03 -5.033340e-21)
174           	mag(U)        	0.000000e+00	(-1.980858e-02 2.540000e-02 -1.473427e-21)	6.627297e+00	(-3.957092e-04 1.629712e-03 -5.033340e-21)
175           	mag(U)        	0.000000e+00	(-1.980858e-02 2.540000e-02 -1.473427e-21)	6.627282e+00	(-3.957092e-04 1.629712e-03 -5.033340e-21)
176           	mag(U)        	0.000000e+00	(-1.980858e-02 2.540000e-02 -1.473427e-21)	6.627268e+00	(-3.957092e-04 1.629712e-03 -5.033340e-21)
177           	mag(U)        	0.000000e+00	(-1.980858e-02 2.540000e-02 -1.473427e-21)	6.627259e+00	(-3.957092e-04 1.629712e-03 -5.033340e-21)
178           	mag(U)        	0.000000e+00	(-1.980858e-02 2.540000e-02 -1.473427e-21)	6.627252e+00	(-3.957092e-04 1.629712e-03 -5.033340e-21)
179           	mag(U)        	0.000000e+00	(-1.980858e-02 2.540000e-02 -1.473427e-21)	6.627244e+00	(-3.957092e-04 1.629712e-03 -5.033340e-21)
180           	mag(U)        	0.000000e+00	(-1.980858e-02 2.540000e-02 -1.473427e-21)	6.627233e+00	(-3.957092e-04 1.629712e-03 -5.033340e-21)
181           	mag(U)        	0.000000e+00	(-1.980858e-02 2.540000e-02 -1.473427e-21)	6.627220e+00	(-3.957092e-04 1.629712e-03 -5.033340e-21)
182           	mag(U)        	0.000000e+00	(-1.980858e-02 2.540000e-02 -1.473427e-21)	6.627207e+00	(-3.957092e-04 1.629712e-03 -5.033340e-21)
183           	mag(U)        	0.000000e+00	(-1.980858e-02 2.540000e-02 -1.473427e-21)	6.627195e+00	(-3.957092e-04 1.629712e-03 -5.033340e-21)
184           	mag(U)        	0.000000e+00	(-1.980858e-02 2.540000e-02 -1.473427e-21)	6.627184e+00	(-3.957092e-04 1.629712e-03 -5.033340e-21)
185           	mag(U)        	0.000000e+00	(-1.980858e-02 2.540000e-02 -1.473427e-21)	6.627172e+00	(-3.957092e-04 1.629712e-03 -5.033340e-21)
186           	mag(U)        	0.000000e+00	(-1.980858e-02 2.540000e-02 -1.473427e-21)	6.627159e+00	(-3.957092e-04 1.629712e-03 -5.033340e-21)
187           	mag(U)        	0.000000e+00	(-1.980858e-02 2.540000e-02 -1.473427e-21)	6.627146e+00	(-3.957092e-04 1.629712e-03 -5.033340e-21)
188           	mag(U)        	0.000000e+00	(-1.980858e-02 2.540000e-02 -1.473427e-21)	6.627135e+00	(-3.957092e-04 1.629712e-03 -5.033340e-21)
189           	mag(U)        	0.000000e+00	(-1.980858e-02 2.540000e-02 -1.473427e-21)	6.627125e+00	(-3.957092e-04 1.629712e-03 -5.033340e-21)
190           	mag(U)        	0.000000e+00	(-1.980858e-02 2.540000e-02 -1.473427e-21)	6.627115e+00	(-3.957092e-04 1.629712e-03 -5.033340e-21)
191           	mag(U)        	0.000000e+00	(-1.980858e-02 2.540000e-02 -1.473427e-21)	6.627104e+00	(-3.957092e-04 1.629712e-03 -5.033340e-21)
192           	mag(U)        	0.000000e+00	(-1.980858e-02 2.540000e-02 -1.473427e-21)	6.627092e+00	(-3.957092e-04 1.629712e-03 -5.033340e-21)
193           	mag(U)        	0.000000e+00	(-1.980858e-02 2.540000e-02 -1.473427e-21)	6.627080e+00	(-3.957092e-04 1.629712e-03 -5.033340e-21)
194           	mag(U)        	0.000000e+00	(-1.980858e-02 2.540000e-02 -1.473427e-21)	6.627068e+00	(-3.957092e-04 1.629712e-03 -5.033340e-21)
195           	mag(U)        	0.000000e+00	(-1.980858e-02 2.540000e-02 -1.473427e-21)	6.627057e+00	(-3.957092e-04 1.629712e-03 -5.033340e-21)
196           	mag(U)        	0.000000e+00	(-1.980858e-02 2.540000e-02 -1.473427e-21)	6.627045e+00	(-3.957092e-04 1.629712e-03 -5.033340e-21)
197           	mag(U)        	0.000000e+00	(-1.980858e-02 2.540000e-02 -1.473427e-21)	6.627033e+00	(-3.957092e-04 1.629712e-03 -5.033340e-21)
198           	mag(U)        	0.000000e+00	(-1.980858e-02 2.540000e-02 -1.473427e-21)	6.627021e+00	(-3.957092e-04 1.629712e-03 -5.033340e-21)
199           	mag(U)        	0.000000e+00	(-1.980858e-02 2.540000e-02 -1.473427e-21)	6.627009e+00	(-3.957092e-04 1.629712e-03 -5.033340e-21)
200           	mag(U)        	0.000000e+00	(-1.980858e-02 2.540000e-02 -1.473427e-21)	6.626997e+00	(-3.957092e-04 1.629712e-03 -5.033340e-21)
201           	mag(U)        	0.000000e+00	(-1.980858e-02 2.540000e-02 -1.473427e-21)	6.626985e+00	(-3.957092e-04 1.629712e-03 -5.033340e-21)
202           	mag(U)        	0.000000e+00	(-1.980858e-02 2.540000e-02 -1.473427e-21)	6.626973e+00	(-3.957092e-04 1.629712e-03 -5.033340e-21)
203           	mag(U)        	0.000000e+00	(-1.980858e-02 2.540000e-02 -1.473427e-21)	6.626962e+00	(-3.957092e-04 1.629712e-03 -5.033340e-21)
204           	mag(U)        	0.000000e+00	(-1.980858e-02 2.540000e-02 -1.473427e-21)	6.626952e+00	(-3.957092e-04 1.629712e-03 -5.033340e-21)
205           	mag(U)        	0.000000e+00	(-1.980858e-02 2.540000e-02 -1.473427e-21)	6.626941e+00	(-3.957092e-04 1.629712e-03 -5.033340e-21)
206           	mag(U)        	0.000000e+00	(-1.980858e-02 2.540000e-02 -1.473427e-21)	6.626930e+00	(-3.957092e-04 1.629712e-03 -5.033340e-21)
207           	mag(U)        	0.000000e+00	(-1.980858e-02 2.540000e-02 -1.473427e-21)	6.626919e+00	(-3.957092e-04 1.629712e-03 -5.033340e-21)
208           	mag(U)        	0.000000e+00	(-1.980858e-02 2.540000e-02 -1.473427e-21)	6.626909e+00	(-3.957092e-04 1.629712e-03 -5.033340e-21)
209           	mag(U)        	0.000000e+00	(-1.980858e-02 2.540000e-02 -1.473427e-21)	6.626899e+00	(-3.957092e-04 1.629712e-03 -5.033340e-21)
210           	mag(U)        	0.000000e+00	(-1.980858e-02 2.540000e-02 -1.473427e-21)	6.626890e+00	(-3.957092e-04 1.629712e-03 -5.033340e-21)
211           	mag(U)        	0.000000e+00	(-1.980858e-02 2.540000e-02 -1.473427e-21)	6.626881e+00	(-3.957092e-04 1.629712e-03 -5.033340e-21)
212           	mag(U)        	0.000000e+00	(-1.980858e-02 2.540000e-02 -1.473427e-21)	6.626871e+00	(-3.957092e-04 1.629712e-03 -5.033340e-21)
213           	mag(U)        	0.000000e+00	(-1.980858e-02 2.540000e-02 -1.473427e-21)	6.626862e+00	(-3.957092e-04 1.629712e-03 -5.033340e-21)
214           	mag(U)        	0.000000e+00	(-1.980858e-02 2.540000e-02 -1.473427e-21)	6.626853e+00	(-3.957092e-04 1.629712e-03 -5.033340e-21)
215           	mag(U)        	0.000000e+00	(-1.980858e-02 2.540000e-02 -1.473427e-21)	6.626845e+00	(-3.957092e-04 1.629712e-03 -5.033340e-21)
216           	mag(U)        	0.000000e+00	(-1.980858e-02 2.540000e-02 -1.473427e-21)	6.626836e+00	(-3.957092e-04 1.629712e-03 -5.033340e-21)
217           	mag(U)        	0.000000e+00	(-1.980858e-02 2.540000e-02 -1.473427e-21)	6.626829e+00	(-3.957092e-04 1.629712e-03 -5.033340e-21)
218           	mag(U)        	0.000000e+00	(-1.980858e-02 2.540000e-02 -1.473427e-21)	6.626821e+00	(-3.957092e-04 1.629712e-03 -5.033340e-21)
219           	mag(U)        	0.000000e+00	(-1.980858e-02 2.540000e-02 -1.473427e-21)	6.626813e+00	(-3.957092e-04 1.629712e-03 -5.033340e-21)
220           	mag(U)        	0.000000e+00	(-1.980858e-02 2.540000e-02 -1.473427e-21)	6.626806e+00	(-3.957092e-04 1.629712e-03 -5.033340e-21)
221           	mag(U)        	0.000000e+00	(-1.980858e-02 2.540000e-02 -1.473427e-21)	6.626800e+00	(-3.957092e-04 1.629712e-03 -5.033340e-21)
222           	mag(U)        	0.000000e+00	(-1.980858e-02 2.540000e-02 -1.473427e-21)	6.626793e+00	(-3.957092e-04 1.629712e-03 -5.033340e-21)
223           	mag(U)        	0.000000e+00	(-1.980858e-02 2.540000e-02 -1.473427e-21)	6.626787e+00	(-3.957092e-04 1.629712e-03 -5.033340e-21)
224           	mag(U)        	0.000000e+00	(-1.980858e-02 2.540000e-02 -1.473427e-21)	6.626780e+00	(-3.957092e-04 1.629712e-03 -5.033340e-21)
225           	mag(U)        	0.000000e+00	(-1.980858e-02 2.540000e-02 -1.473427e-21)	6.626773e+00	(-3.957092e-04 1.629712e-03 -5.033340e-21)
226           	mag(U)        	0.000000e+00	(-1.980858e-02 2.540000e-02 -1.473427e-21)	6.626767e+00	(-3.957092e-04 1.629712e-03 -5.033340e-21)
227           	mag(U)        	0.000000e+00	(-1.980858e-02 2.540000e-02 -1.473427e-21)	6.626761e+00	(-3.957092e-04 1.629712e-03 -5.033340e-21)
228           	mag(U)        	0.000000e+00	(-1.980858e-02 2.540000e-02 -1.473427e-21)	6.626755e+00	(-3.957092e-04 1.629712e-03 -5.033340e-21)
229           	mag(U)        	0.000000e+00	(-1.980858e-02 2.540000e-02 -1.473427e-21)	6.626749e+00	(-3.957092e-04 1.629712e-03 -5.033340e-21)
230           	mag(U)        	0.000000e+00	(-1.980858e-02 2.540000e-02 -1.473427e-21)	6.626743e+00	(-3.957092e-04 1.629712e-03 -5.033340e-21)
231           	mag(U)        	0.000000e+00	(-1.980858e-02 2.540000e-02 -1.473427e-21)	6.626738e+00	(-3.957092e-04 1.629712e-03 -5.033340e-21)
232           	mag(U)        	0.000000e+00	(-1.980858e-02 2.540000e-02 -1.473427e-21)	6.626734e+00	(-3.957092e-04 1.629712e-03 -5.033340e-21)
233           	mag(U)        	0.000000e+00	(-1.980858e-02 2.540000e-02 -1.473427e-21)	6.626731e+00	(-3.957092e-04 1.629712e-03 -5.033340e-21)
234           	mag(U)        	0.000000e+00	(-1.980858e-02 2.540000e-02 -1.473427e-21)	6.626726e+00	(-3.957092e-04 1.629712e-03 -5.033340e-21)
235           	mag(U)        	0.000000e+00	(-1.980858e-02 2.540000e-02 -1.473427e-21)	6.626721e+00	(-3.957092e-04 1.629712e-03 -5.033340e-21)
236           	mag(U)        	0.000000e+00	(-1.980858e-02 2.540000e-02 -1.473427e-21)	6.626716e+00	(-3.957092e-04 1.629712e-03 -5.033340e-21)
237           	mag(U)        	0.000000e+00	(-1.980858e-02 2.540000e-02 -1.473427e-21)	6.626711e+00	(-3.957092e-04 1.629712e-03 -5.033340e-21)
238           	mag(U)        	0.000000e+00	(-1.980858e-02 2.540000e-02 -1.473427e-21)	6.626707e+00	(-3.957092e-04 1.629712e-03 -5.033340e-21)
239           	mag(U)        	0.000000e+00	(-1.980858e-02 2.540000e-02 -1.473427e-21)	6.626704e+00	(-3.957092e-04 1.629712e-03 -5.033340e-21)
240           	mag(U)        	0.000000e+00	(-1.980858e-02 2.540000e-02 -1.473427e-21)	6.626701e+00	(-3.957092e-04 1.629712e-03 -5.033340e-21)
241           	mag(U)        	0.000000e+00	(-1.980858e-02 2.540000e-02 -1.473427e-21)	6.626698e+00	(-3.957092e-04 1.629712e-03 -5.033340e-21)
242           	mag(U)        	0.000000e+00	(-1.980858e-02 2.540000e-02 -1.473427e-21)	6.626693e+00	(-3.957092e-04 1.629712e-03 -5.033340e-21)
243           	mag(U)        	0.000000e+00	(-1.980858e-02 2.540000e-02 -1.473427e-21)	6.626689e+00	(-3.957092e-04 1.629712e-03 -5.033340e-21)
244           	mag(U)        	0.000000e+00	(-1.980858e-02 2.540000e-02 -1.473427e-21)	6.626685e+00	(-3.957092e-04 1.629712e-03 -5.033340e-21)
245           	mag(U)        	0.000000e+00	(-1.980858e-02 2.540000e-02 -1.473427e-21)	6.626682e+00	(-3.957092e-04 1.629712e-03 -5.033340e-21)
246           	mag(U)        	0.000000e+00	(-1.980858e-02 2.540000e-02 -1.473427e-21)	6.626679e+00	(-3.957092e-04 1.629712e-03 -5.033340e-21)
247           	mag(U)        	0.000000e+00	(-1.980858e-02 2.540000e-02 -1.473427e-21)	6.626677e+00	(-3.957092e-04 1.629712e-03 -5.033340e-21)
248           	mag(U)        	0.000000e+00	(-1.980858e-02 2.540000e-02 -1.473427e-21)	6.626674e+00	(-3.957092e-04 1.629712e-03 -5.033340e-21)
249           	mag(U)        	0.000000e+00	(-1.980858e-02 2.540000e-02 -1.473427e-21)	6.626670e+00	(-3.957092e-04 1.629712e-03 -5.033340e-21)
250           	mag(U)        	0.000000e+00	(-1.980858e-02 2.540000e-02 -1.473427e-21)	6.626667e+00	(-3.957092e-04 1.629712e-03 -5.033340e-21)
251           	mag(U)        	0.000000e+00	(-1.980858e-02 2.540000e-02 -1.473427e-21)	6.626664e+00	(-3.957092e-04 1.629712e-03 -5.033340e-21)
252           	mag(U)        	0.000000e+00	(-1.980858e-02 2.540000e-02 -1.473427e-21)	6.626662e+00	(-3.957092e-04 1.629712e-03 -5.033340e-21)
253           	mag(U)        	0.000000e+00	(-1.980858e-02 2.540000e-02 -1.473427e-21)	6.626659e+00	(-3.957092e-04 1.629712e-03 -5.033340e-21)
254           	mag(U)        	0.000000e+00	(-1.980858e-02 2.540000e-02 -1.473427e-21)	6.626657e+00	(-3.957092e-04 1.629712e-03 -5.033340e-21)
255           	mag(U)        	0.000000e+00	(-1.980858e-02 2.540000e-02 -1.473427e-21)	6.626654e+00	(-3.957092e-04 1.629712e-03 -5.033340e-21)
256           	mag(U)        	0.000000e+00	(-1.980858e-02 2.540000e-02 -1.473427e-21)	6.626651e+00	(-3.957092e-04 1.629712e-03 -5.033340e-21)
257           	mag(U)        	0.000000e+00	(-1.980858e-02 2.540000e-02 -1.473427e-21)	6.626649e+00	(-3.957092e-04 1.629712e-03 -5.033340e-21)
258           	mag(U)        	0.000000e+00	(-1.980858e-02 2.540000e-02 -1.473427e-21)	6.626647e+00	(-3.957092e-04 1.629712e-03 -5.033340e-21)
259           	mag(U)        	0.000000e+00	(-1.980858e-02 2.540000e-02 -1.473427e-21)	6.626644e+00	(-3.957092e-04 1.629712e-03 -5.033340e-21)
260           	mag(U)        	0.000000e+00	(-1.980858e-02 2.540000e-02 -1.473427e-21)	6.626642e+00	(-3.957092e-04 1.629712e-03 -5.033340e-21)
261           	mag(U)        	0.000000e+00	(-1.980858e-02 2.540000e-02 -1.473427e-21)	6.626640e+00	(-3.957092e-04 1.629712e-03 -5.033340e-21)
262           	mag(U)        	0.000000e+00	(-1.980858e-02 2.540000e-02 -1.473427e-21)	6.626638e+00	(-3.957092e-04 1.629712e-03 -5.033340e-21)
263           	mag(U)        	0.000000e+00	(-1.980858e-02 2.540000e-02 -1.473427e-21)	6.626636e+00	(-3.957092e-04 1.629712e-03 -5.033340e-21)
264           	mag(U)        	0.000000e+00	(-1.980858e-02 2.540000e-02 -1.473427e-21)	6.626634e+00	(-3.957092e-04 1.629712e-03 -5.033340e-21)
265           	mag(U)        	0.000000e+00	(-1.980858e-02 2.540000e-02 -1.473427e-21)	6.626632e+00	(-3.957092e-04 1.629712e-03 -5.033340e-21)
266           	mag(U)        	0.000000e+00	(-1.980858e-02 2.540000e-02 -1.473427e-21)	6.626630e+00	(-3.957092e-04 1.629712e-03 -5.033340e-21)
267           	mag(U)        	0.000000e+00	(-1.980858e-02 2.540000e-02 -1.473427e-21)	6.626628e+00	(-3.957092e-04 1.629712e-03 -5.033340e-21)
268           	mag(U)        	0.000000e+00	(-1.980858e-02 2.540000e-02 -1.473427e-21)	6.626626e+00	(-3.957092e-04 1.629712e-03 -5.033340e-21)
269           	mag(U)        	0.000000e+00	(-1.980858e-02 2.540000e-02 -1.473427e-21)	6.626625e+00	(-3.957092e-04 1.629712e-03 -5.033340e-21)
270           	mag(U)        	0.000000e+00	(-1.980858e-02 2.540000e-02 -1.473427e-21)	6.626623e+00	(-3.957092e-04 1.629712e-03 -5.033340e-21)
271           	mag(U)        	0.000000e+00	(-1.980858e-02 2.540000e-02 -1.473427e-21)	6.626621e+00	(-3.957092e-04 1.629712e-03 -5.033340e-21)
272           	mag(U)        	0.000000e+00	(-1.980858e-02 2.540000e-02 -1.473427e-21)	6.626619e+00	(-3.957092e-04 1.629712e-03 -5.033340e-21)
273           	mag(U)        	0.000000e+00	(-1.980858e-02 2.540000e-02 -1.473427e-21)	6.626617e+00	(-3.957092e-04 1.629712e-03 -5.033340e-21)
274           	mag(U)        	0.000000e+00	(-1.980858e-02 2.540000e-02 -1.473427e-21)	6.626616e+00	(-3.957092e-04 1.629712e-03 -5.033340e-21)
275           	mag(U)        	0.000000e+00	(-1.980858e-02 2.540000e-02 -1.473427e-21)	6.626614e+00	(-3.957092e-04 1.629712e-03 -5.033340e-21)
276           	mag(U)        	0.000000e+00	(-1.980858e-02 2.540000e-02 -1.473427e-21)	6.626613e+00	(-3.957092e-04 1.629712e-03 -5.033340e-21)
277           	mag(U)        	0.000000e+00	(-1.980858e-02 2.540000e-02 -1.473427e-21)	6.626612e+00	(-3.957092e-04 1.629712e-03 -5.033340e-21)
278           	mag(U)        	0.000000e+00	(-1.980858e-02 2.540000e-02 -1.473427e-21)	6.626611e+00	(-3.957092e-04 1.629712e-03 -5.033340e-21)
279           	mag(U)        	0.000000e+00	(-1.980858e-02 2.540000e-02 -1.473427e-21)	6.626609e+00	(-3.957092e-04 1.629712e-03 -5.033340e-21)
280           	mag(U)        	0.000000e+00	(-1.980858e-02 2.540000e-02 -1.473427e-21)	6.626607e+00	(-3.957092e-04 1.629712e-03 -5.033340e-21)
281           	mag(U)        	0.000000e+00	(-1.980858e-02 2.540000e-02 -1.473427e-21)	6.626606e+00	(-3.957092e-04 1.629712e-03 -5.033340e-21)
282           	mag(U)        	0.000000e+00	(-1.980858e-02 2.540000e-02 -1.473427e-21)	6.626604e+00	(-3.957092e-04 1.629712e-03 -5.033340e-21)
283           	mag(U)        	0.000000e+00	(-1.980858e-02 2.540000e-02 -1.473427e-21)	6.626603e+00	(-3.957092e-04 1.629712e-03 -5.033340e-21)
284           	mag(U)        	0.000000e+00	(-1.980858e-02 2.540000e-02 -1.473427e-21)	6.626602e+00	(-3.957092e-04 1.629712e-03 -5.033340e-21)
285           	mag(U)        	0.000000e+00	(-1.980858e-02 2.540000e-02 -1.473427e-21)	6.626601e+00	(-3.957092e-04 1.629712e-03 -5.033340e-21)
286           	mag(U)        	0.000000e+00	(-1.980858e-02 2.540000e-02 -1.473427e-21)	6.626599e+00	(-3.957092e-04 1.629712e-03 -5.033340e-21)
287           	mag(U)        	0.000000e+00	(-1.980858e-02 2.540000e-02 -1.473427e-21)	6.626598e+00	(-3.957092e-04 1.629712e-03 -5.033340e-21)
288           	mag(U)        	0.000000e+00	(-1.980858e-02 2.540000e-02 -1.473427e-21)	6.626597e+00	(-3.957092e-04 1.629712e-03 -5.033340e-21)
289           	mag(U)        	0.000000e+00	(-1.980858e-02 2.540000e-02 -1.473427e-21)	6.626595e+00	(-3.957092e-04 1.629712e-03 -5.033340e-21)
290           	mag(U)        	0.000000e+00	(-1.980858e-02 2.540000e-02 -1.473427e-21)	6.626594e+00	(-3.957092e-04 1.629712e-03 -5.033340e-21)
291           	mag(U)        	0.000000e+00	(-1.980858e-02 2.540000e-02 -1.473427e-21)	6.626593e+00	(-3.957092e-04 1.629712e-03 -5.033340e-21)
292           	mag(U)        	0.000000e+00	(-1.980858e-02 2.540000e-02 -1.473427e-21)	6.626592e+00	(-3.957092e-04 1.629712e-03 -5.033340e-21)
293           	mag(U)        	0.000000e+00	(-1.980858e-02 2.540000e-02 -1.473427e-21)	6.626590e+00	(-3.957092e-04 1.629712e-03 -5.033340e-21)
294           	mag(U)        	0.000000e+00	(-1.980858e-02 2.540000e-02 -1.473427e-21)	6.626589e+00	(-3.957092e-04 1.629712e-03 -5.033340e-21)
295           	mag(U)        	0.000000e+00	(-1.980858e-02 2.540000e-02 -1.473427e-21)	6.626588e+00	(-3.957092e-04 1.629712e-03 -5.033340e-21)
296           	mag(U)        	0.000000e+00	(-1.980858e-02 2.540000e-02 -1.473427e-21)	6.626587e+00	(-3.957092e-04 1.629712e-03 -5.033340e-21)
297           	mag(U)        	0.000000e+00	(-1.980858e-02 2.540000e-02 -1.473427e-21)	6.626586e+00	(-3.957092e-04 1.629712e-03 -5.033340e-21)
298           	mag(U)        	0.000000e+00	(-1.980858e-02 2.540000e-02 -1.473427e-21)	6.626585e+00	(-3.957092e-04 1.629712e-03 -5.033340e-21)
299           	mag(U)        	0.000000e+00	(-1.980858e-02 2.540000e-02 -1.473427e-21)	6.626584e+00	(-3.957092e-04 1.629712e-03 -5.033340e-21)
300           	mag(U)        	0.000000e+00	(-1.980858e-02 2.540000e-02 -1.473427e-21)	6.626582e+00	(-3.957092e-04 1.629712e-03 -5.033340e-21)
301           	mag(U)        	0.000000e+00	(-1.980858e-02 2.540000e-02 -1.473427e-21)	6.626581e+00	(-3.957092e-04 1.629712e-03 -5.033340e-21)
302           	mag(U)        	0.000000e+00	(-1.980858e-02 2.540000e-02 -1.473427e-21)	6.626580e+00	(-3.957092e-04 1.629712e-03 -5.033340e-21)
303           	mag(U)        	0.000000e+00	(-1.980858e-02 2.540000e-02 -1.473427e-21)	6.626579e+00	(-3.957092e-04 1.629712e-03 -5.033340e-21)
304           	mag(U)        	0.000000e+00	(-1.980858e-02 2.540000e-02 -1.473427e-21)	6.626578e+00	(-3.957092e-04 1.629712e-03 -5.033340e-21)
305           	mag(U)        	0.000000e+00	(-1.980858e-02 2.540000e-02 -1.473427e-21)	6.626577e+00	(-3.957092e-04 1.629712e-03 -5.033340e-21)
306           	mag(U)        	0.000000e+00	(-1.980858e-02 2.540000e-02 -1.473427e-21)	6.626576e+00	(-3.957092e-04 1.629712e-03 -5.033340e-21)
307           	mag(U)        	0.000000e+00	(-1.980858e-02 2.540000e-02 -1.473427e-21)	6.626575e+00	(-3.957092e-04 1.629712e-03 -5.033340e-21)
308           	mag(U)        	0.000000e+00	(-1.980858e-02 2.540000e-02 -1.473427e-21)	6.626574e+00	(-3.957092e-04 1.629712e-03 -5.033340e-21)
309           	mag(U)        	0.000000e+00	(-1.980858e-02 2.540000e-02 -1.473427e-21)	6.626573e+00	(-3.957092e-04 1.629712e-03 -5.033340e-21)
310           	mag(U)        	0.000000e+00	(-1.980858e-02 2.540000e-02 -1.473427e-21)	6.626572e+00	(-3.957092e-04 1.629712e-03 -5.033340e-21)
311           	mag(U)        	0.000000e+00	(-1.980858e-02 2.540000e-02 -1.473427e-21)	6.626571e+00	(-3.957092e-04 1.629712e-03 -5.033340e-21)
312           	mag(U)        	0.000000e+00	(-1.980858e-02 2.540000e-02 -1.473427e-21)	6.626570e+00	(-3.957092e-04 1.629712e-03 -5.033340e-21)
313           	mag(U)        	0.000000e+00	(-1.980858e-02 2.540000e-02 -1.473427e-21)	6.626570e+00	(-3.957092e-04 1.629712e-03 -5.033340e-21)
314           	mag(U)        	0.000000e+00	(-1.980858e-02 2.540000e-02 -1.473427e-21)	6.626569e+00	(-3.957092e-04 1.629712e-03 -5.033340e-21)
315           	mag(U)        	0.000000e+00	(-1.980858e-02 2.540000e-02 -1.473427e-21)	6.626568e+00	(-3.957092e-04 1.629712e-03 -5.033340e-21)
316           	mag(U)        	0.000000e+00	(-1.980858e-02 2.540000e-02 -1.473427e-21)	6.626567e+00	(-3.957092e-04 1.629712e-03 -5.033340e-21)
317           	mag(U)        	0.000000e+00	(-1.980858e-02 2.540000e-02 -1.473427e-21)	6.626566e+00	(-3.957092e-04 1.629712e-03 -5.033340e-21)
318           	mag(U)        	0.000000e+00	(-1.980858e-02 2.540000e-02 -1.473427e-21)	6.626565e+00	(-3.957092e-04 1.629712e-03 -5.033340e-21)
319           	mag(U)        	0.000000e+00	(-1.980858e-02 2.540000e-02 -1.473427e-21)	6.626564e+00	(-3.957092e-04 1.629712e-03 -5.033340e-21)
320           	mag(U)        	0.000000e+00	(-1.980858e-02 2.540000e-02 -1.473427e-21)	6.626564e+00	(-3.957092e-04 1.629712e-03 -5.033340e-21)
321           	mag(U)        	0.000000e+00	(-1.980858e-02 2.540000e-02 -1.473427e-21)	6.626563e+00	(-3.957092e-04 1.629712e-03 -5.033340e-21)
322           	mag(U)        	0.000000e+00	(-1.980858e-02 2.540000e-02 -1.473427e-21)	6.626562e+00	(-3.957092e-04 1.629712e-03 -5.033340e-21)
323           	mag(U)        	0.000000e+00	(-1.980858e-02 2.540000e-02 -1.473427e-21)	6.626561e+00	(-3.957092e-04 1.629712e-03 -5.033340e-21)
324           	mag(U)        	0.000000e+00	(-1.980858e-02 2.540000e-02 -1.473427e-21)	6.626560e+00	(-3.957092e-04 1.629712e-03 -5.033340e-21)
325           	mag(U)        	0.000000e+00	(-1.980858e-02 2.540000e-02 -1.473427e-21)	6.626560e+00	(-3.957092e-04 1.629712e-03 -5.033340e-21)
326           	mag(U)        	0.000000e+00	(-1.980858e-02 2.540000e-02 -1.473427e-21)	6.626559e+00	(-3.957092e-04 1.629712e-03 -5.033340e-21)
327           	mag(U)        	0.000000e+00	(-1.980858e-02 2.540000e-02 -1.473427e-21)	6.626558e+00	(-3.957092e-04 1.629712e-03 -5.033340e-21)
328           	mag(U)        	0.000000e+00	(-1.980858e-02 2.540000e-02 -1.473427e-21)	6.626558e+00	(-3.957092e-04 1.629712e-03 -5.033340e-21)
329           	mag(U)        	0.000000e+00	(-1.980858e-02 2.540000e-02 -1.473427e-21)	6.626557e+00	(-3.957092e-04 1.629712e-03 -5.033340e-21)
330           	mag(U)        	0.000000e+00	(-1.980858e-02 2.540000e-02 -1.473427e-21)	6.626556e+00	(-3.957092e-04 1.629712e-03 -5.033340e-21)
331           	mag(U)        	0.000000e+00	(-1.980858e-02 2.540000e-02 -1.473427e-21)	6.626556e+00	(-3.957092e-04 1.629712e-03 -5.033340e-21)
332           	mag(U)        	0.000000e+00	(-1.980858e-02 2.540000e-02 -1.473427e-21)	6.626555e+00	(-3.957092e-04 1.629712e-03 -5.033340e-21)
333           	mag(U)        	0.000000e+00	(-1.980858e-02 2.540000e-02 -1.473427e-21)	6.626555e+00	(-3.957092e-04 1.629712e-03 -5.033340e-21)
334           	mag(U)        	0.000000e+00	(-1.980858e-02 2.540000e-02 -1.473427e-21)	6.626554e+00	(-3.957092e-04 1.629712e-03 -5.033340e-21)
335           	mag(U)        	0.000000e+00	(-1.980858e-02 2.540000e-02 -1.473427e-21)	6.626553e+00	(-3.957092e-04 1.629712e-03 -5.033340e-21)
336           	mag(U)        	0.000000e+00	(-1.980858e-02 2.540000e-02 -1.473427e-21)	6.626553e+00	(-3.957092e-04 1.629712e-03 -5.033340e-21)
337           	mag(U)        	0.000000e+00	(-1.980858e-02 2.540000e-02 -1.473427e-21)	6.626552e+00	(-3.957092e-04 1.629712e-03 -5.033340e-21)
338           	mag(U)        	0.000000e+00	(-1.980858e-02 2.540000e-02 -1.473427e-21)	6.626552e+00	(-3.957092e-04 1.629712e-03 -5.033340e-21)
339           	mag(U)        	0.000000e+00	(-1.980858e-02 2.540000e-02 -1.473427e-21)	6.626551e+00	(-3.957092e-04 1.629712e-03 -5.033340e-21)
340           	mag(U)        	0.000000e+00	(-1.980858e-02 2.540000e-02 -1.473427e-21)	6.626551e+00	(-3.957092e-04 1.629712e-03 -5.033340e-21)
341           	mag(U)        	0.000000e+00	(-1.980858e-02 2.540000e-02 -1.473427e-21)	6.626550e+00	(-3.957092e-04 1.629712e-03 -5.033340e-21)
342           	mag(U)        	0.000000e+00	(-1.980858e-02 2.540000e-02 -1.473427e-21)	6.626550e+00	(-3.957092e-04 1.629712e-03 -5.033340e-21)
343           	mag(U)        	0.000000e+00	(-1.980858e-02 2.540000e-02 -1.473427e-21)	6.626549e+00	(-3.957092e-04 1.629712e-03 -5.033340e-21)
344           	mag(U)        	0.000000e+00	(-1.980858e-02 2.540000e-02 -1.473427e-21)	6.626549e+00	(-3.957092e-04 1.629712e-03 -5.033340e-21)
345           	mag(U)        	0.000000e+00	(-1.980858e-02 2.540000e-02 -1.473427e-21)	6.626548e+00	(-3.957092e-04 1.629712e-03 -5.033340e-21)
346           	mag(U)        	0.000000e+00	(-1.980858e-02 2.540000e-02 -1.473427e-21)	6.626548e+00	(-3.957092e-04 1.629712e-03 -5.033340e-21)
347           	mag(U)        	0.000000e+00	(-1.980858e-02 2.540000e-02 -1.473427e-21)	6.626547e+00	(-3.957092e-04 1.629712e-03 -5.033340e-21)
348           	mag(U)        	0.000000e+00	(-1.980858e-02 2.540000e-02 -1.473427e-21)	6.626547e+00	(-3.957092e-04 1.629712e-03 -5.033340e-21)
349           	mag(U)        	0.000000e+00	(-1.980858e-02 2.540000e-02 -1.473427e-21)	6.626547e+00	(-3.957092e-04 1.629712e-03 -5.033340e-21)
350           	mag(U)        	0.000000e+00	(-1.980858e-02 2.540000e-02 -1.473427e-21)	6.626546e+00	(-3.957092e-04 1.629712e-03 -5.033340e-21)
351           	mag(U)        	0.000000e+00	(-1.980858e-02 2.540000e-02 -1.473427e-21)	6.626546e+00	(-3.957092e-04 1.629712e-03 -5.033340e-21)
352           	mag(U)        	0.000000e+00	(-1.980858e-02 2.540000e-02 -1.473427e-21)	6.626545e+00	(-3.957092e-04 1.629712e-03 -5.033340e-21)
353           	mag(U)        	0.000000e+00	(-1.980858e-02 2.540000e-02 -1.473427e-21)	6.626545e+00	(-3.957092e-04 1.629712e-03 -5.033340e-21)
354           	mag(U)        	0.000000e+00	(-1.980858e-02 2.540000e-02 -1.473427e-21)	6.626544e+00	(-3.957092e-04 1.629712e-03 -5.033340e-21)
355           	mag(U)        	0.000000e+00	(-1.980858e-02 2.540000e-02 -1.473427e-21)	6.626544e+00	(-3.957092e-04 1.629712e-03 -5.033340e-21)
356           	mag(U)        	0.000000e+00	(-1.980858e-02 2.540000e-02 -1.473427e-21)	6.626544e+00	(-3.957092e-04 1.629712e-03 -5.033340e-21)
357           	mag(U)        	0.000000e+00	(-1.980858e-02 2.540000e-02 -1.473427e-21)	6.626544e+00	(-3.957092e-04 1.629712e-03 -5.033340e-21)
358           	mag(U)        	0.000000e+00	(-1.980858e-02 2.540000e-02 -1.473427e-21)	6.626543e+00	(-3.957092e-04 1.629712e-03 -5.033340e-21)
359           	mag(U)        	0.000000e+00	(-1.980858e-02 2.540000e-02 -1.473427e-21)	6.626543e+00	(-3.957092e-04 1.629712e-03 -5.033340e-21)
360           	mag(U)        	0.000000e+00	(-1.980858e-02 2.540000e-02 -1.473427e-21)	6.626542e+00	(-3.957092e-04 1.629712e-03 -5.033340e-21)
361           	mag(U)        	0.000000e+00	(-1.980858e-02 2.540000e-02 -1.473427e-21)	6.626542e+00	(-3.957092e-04 1.629712e-03 -5.033340e-21)
362           	mag(U)        	0.000000e+00	(-1.980858e-02 2.540000e-02 -1.473427e-21)	6.626542e+00	(-3.957092e-04 1.629712e-03 -5.033340e-21)
363           	mag(U)        	0.000000e+00	(-1.980858e-02 2.540000e-02 -1.473427e-21)	6.626542e+00	(-3.957092e-04 1.629712e-03 -5.033340e-21)
364           	mag(U)        	0.000000e+00	(-1.980858e-02 2.540000e-02 -1.473427e-21)	6.626541e+00	(-3.957092e-04 1.629712e-03 -5.033340e-21)
365           	mag(U)        	0.000000e+00	(-1.980858e-02 2.540000e-02 -1.473427e-21)	6.626541e+00	(-3.957092e-04 1.629712e-03 -5.033340e-21)
366           	mag(U)        	0.000000e+00	(-1.980858e-02 2.540000e-02 -1.473427e-21)	6.626541e+00	(-3.957092e-04 1.629712e-03 -5.033340e-21)
367           	mag(U)        	0.000000e+00	(-1.980858e-02 2.540000e-02 -1.473427e-21)	6.626541e+00	(-3.957092e-04 1.629712e-03 -5.033340e-21)
368           	mag(U)        	0.000000e+00	(-1.980858e-02 2.540000e-02 -1.473427e-21)	6.626540e+00	(-3.957092e-04 1.629712e-03 -5.033340e-21)
369           	mag(U)        	0.000000e+00	(-1.980858e-02 2.540000e-02 -1.473427e-21)	6.626540e+00	(-3.957092e-04 1.629712e-03 -5.033340e-21)
370           	mag(U)        	0.000000e+00	(-1.980858e-02 2.540000e-02 -1.473427e-21)	6.626540e+00	(-3.957092e-04 1.629712e-03 -5.033340e-21)
371           	mag(U)        	0.000000e+00	(-1.980858e-02 2.540000e-02 -1.473427e-21)	6.626540e+00	(-3.957092e-04 1.629712e-03 -5.033340e-21)
372           	mag(U)        	0.000000e+00	(-1.980858e-02 2.540000e-02 -1.473427e-21)	6.626539e+00	(-3.957092e-04 1.629712e-03 -5.033340e-21)
373           	mag(U)        	0.000000e+00	(-1.980858e-02 2.540000e-02 -1.473427e-21)	6.626539e+00	(-3.957092e-04 1.629712e-03 -5.033340e-21)
374           	mag(U)        	0.000000e+00	(-1.980858e-02 2.540000e-02 -1.473427e-21)	6.626539e+00	(-3.957092e-04 1.629712e-03 -5.033340e-21)
375           	mag(U)        	0.000000e+00	(-1.980858e-02 2.540000e-02 -1.473427e-21)	6.626539e+00	(-3.957092e-04 1.629712e-03 -5.033340e-21)
376           	mag(U)        	0.000000e+00	(-1.980858e-02 2.540000e-02 -1.473427e-21)	6.626539e+00	(-3.957092e-04 1.629712e-03 -5.033340e-21)
377           	mag(U)        	0.000000e+00	(-1.980858e-02 2.540000e-02 -1.473427e-21)	6.626538e+00	(-3.957092e-04 1.629712e-03 -5.033340e-21)
378           	mag(U)        	0.000000e+00	(-1.980858e-02 2.540000e-02 -1.473427e-21)	6.626538e+00	(-3.957092e-04 1.629712e-03 -5.033340e-21)
379           	mag(U)        	0.000000e+00	(-1.980858e-02 2.540000e-02 -1.473427e-21)	6.626538e+00	(-3.957092e-04 1.629712e-03 -5.033340e-21)
380           	mag(U)        	0.000000e+00	(-1.980858e-02 2.540000e-02 -1.473427e-21)	6.626538e+00	(-3.957092e-04 1.629712e-03 -5.033340e-21)
381           	mag(U)        	0.000000e+00	(-1.980858e-02 2.540000e-02 -1.473427e-21)	6.626538e+00	(-3.957092e-04 1.629712e-03 -5.033340e-21)
382           	mag(U)        	0.000000e+00	(-1.980858e-02 2.540000e-02 -1.473427e-21)	6.626537e+00	(-3.957092e-04 1.629712e-03 -5.033340e-21)
383           	mag(U)        	0.000000e+00	(-1.980858e-02 2.540000e-02 -1.473427e-21)	6.626537e+00	(-3.957092e-04 1.629712e-03 -5.033340e-21)
384           	mag(U)        	0.000000e+00	(-1.980858e-02 2.540000e-02 -1.473427e-21)	6.626537e+00	(-3.957092e-04 1.629712e-03 -5.033340e-21)
385           	mag(U)        	0.000000e+00	(-1.980858e-02 2.540000e-02 -1.473427e-21)	6.626537e+00	(-3.957092e-04 1.629712e-03 -5.033340e-21)
386           	mag(U)        	0.000000e+00	(-1.980858e-02 2.540000e-02 -1.473427e-21)	6.626537e+00	(-3.957092e-04 1.629712e-03 -5.033340e-21)
387           	mag(U)        	0.000000e+00	(-1.980858e-02 2.540000e-02 -1.473427e-21)	6.626537e+00	(-3.957092e-04 1.629712e-03 -5.033340e-21)
388           	mag(U)        	0.000000e+00	(-1.980858e-02 2.540000e-02 -1.473427e-21)	6.626537e+00	(-3.957092e-04 1.629712e-03 -5.033340e-21)
389           	mag(U)        	0.000000e+00	(-1.980858e-02 2.540000e-02 -1.473427e-21)	6.626536e+00	(-3.957092e-04 1.629712e-03 -5.033340e-21)
390           	mag(U)        	0.000000e+00	(-1.980858e-02 2.540000e-02 -1.473427e-21)	6.626536e+00	(-3.957092e-04 1.629712e-03 -5.033340e-21)
391           	mag(U)        	0.000000e+00	(-1.980858e-02 2.540000e-02 -1.473427e-21)	6.626536e+00	(-3.957092e-04 1.629712e-03 -5.033340e-21)
392           	mag(U)        	0.000000e+00	(-1.980858e-02 2.540000e-02 -1.473427e-21)	6.626536e+00	(-3.957092e-04 1.629712e-03 -5.033340e-21)
393           	mag(U)        	0.000000e+00	(-1.980858e-02 2.540000e-02 -1.473427e-21)	6.626536e+00	(-3.957092e-04 1.629712e-03 -5.033340e-21)
394           	mag(U)        	0.000000e+00	(-1.980858e-02 2.540000e-02 -1.473427e-21)	6.626536e+00	(-3.957092e-04 1.629712e-03 -5.033340e-21)
395           	mag(U)        	0.000000e+00	(-1.980858e-02 2.540000e-02 -1.473427e-21)	6.626536e+00	(-3.957092e-04 1.629712e-03 -5.033340e-21)
396           	mag(U)        	0.000000e+00	(-1.980858e-02 2.540000e-02 -1.473427e-21)	6.626536e+00	(-3.957092e-04 1.629712e-03 -5.033340e-21)
397           	mag(U)        	0.000000e+00	(-1.980858e-02 2.540000e-02 -1.473427e-21)	6.626536e+00	(-3.957092e-04 1.629712e-03 -5.033340e-21)
398           	mag(U)        	0.000000e+00	(-1.980858e-02 2.540000e-02 -1.473427e-21)	6.626535e+00	(-3.957092e-04 1.629712e-03 -5.033340e-21)
399           	mag(U)        	0.000000e+00	(-1.980858e-02 2.540000e-02 -1.473427e-21)	6.626535e+00	(-3.957092e-04 1.629712e-03 -5.033340e-21)
400           	mag(U)        	0.000000e+00	(-1.980858e-02 2.540000e-02 -1.473427e-21)	6.626535e+00	(-3.957092e-04 1.629712e-03 -5.033340e-21)
401           	mag(U)        	0.000000e+00	(-1.980858e-02 2.540000e-02 -1.473427e-21)	6.626535e+00	(-3.957092e-04 1.629712e-03 -5.033340e-21)
402           	mag(U)        	0.000000e+00	(-1.980858e-02 2.540000e-02 -1.473427e-21)	6.626535e+00	(-3.957092e-04 1.629712e-03 -5.033340e-21)
403           	mag(U)        	0.000000e+00	(-1.980858e-02 2.540000e-02 -1.473427e-21)	6.626535e+00	(-3.957092e-04 1.629712e-03 -5.033340e-21)
404           	mag(U)        	0.000000e+00	(-1.980858e-02 2.540000e-02 -1.473427e-21)	6.626535e+00	(-3.957092e-04 1.629712e-03 -5.033340e-21)
405           	mag(U)        	0.000000e+00	(-1.980858e-02 2.540000e-02 -1.473427e-21)	6.626535e+00	(-3.957092e-04 1.629712e-03 -5.033340e-21)
406           	mag(U)        	0.000000e+00	(-1.980858e-02 2.540000e-02 -1.473427e-21)	6.626535e+00	(-3.957092e-04 1.629712e-03 -5.033340e-21)
407           	mag(U)        	0.000000e+00	(-1.980858e-02 2.540000e-02 -1.473427e-21)	6.626535e+00	(-3.957092e-04 1.629712e-03 -5.033340e-21)
408           	mag(U)        	0.000000e+00	(-1.980858e-02 2.540000e-02 -1.473427e-21)	6.626535e+00	(-3.957092e-04 1.629712e-03 -5.033340e-21)
409           	mag(U)        	0.000000e+00	(-1.980858e-02 2.540000e-02 -1.473427e-21)	6.626535e+00	(-3.957092e-04 1.629712e-03 -5.033340e-21)
410           	mag(U)        	0.000000e+00	(-1.980858e-02 2.540000e-02 -1.473427e-21)	6.626534e+00	(-3.957092e-04 1.629712e-03 -5.033340e-21)
411           	mag(U)        	0.000000e+00	(-1.980858e-02 2.540000e-02 -1.473427e-21)	6.626534e+00	(-3.957092e-04 1.629712e-03 -5.033340e-21)
412           	mag(U)        	0.000000e+00	(-1.980858e-02 2.540000e-02 -1.473427e-21)	6.626534e+00	(-3.957092e-04 1.629712e-03 -5.033340e-21)
413           	mag(U)        	0.000000e+00	(-1.980858e-02 2.540000e-02 -1.473427e-21)	6.626534e+00	(-3.957092e-04 1.629712e-03 -5.033340e-21)
414           	mag(U)        	0.000000e+00	(-1.980858e-02 2.540000e-02 -1.473427e-21)	6.626534e+00	(-3.957092e-04 1.629712e-03 -5.033340e-21)
415           	mag(U)        	0.000000e+00	(-1.980858e-02 2.540000e-02 -1.473427e-21)	6.626534e+00	(-3.957092e-04 1.629712e-03 -5.033340e-21)
416           	mag(U)        	0.000000e+00	(-1.980858e-02 2.540000e-02 -1.473427e-21)	6.626534e+00	(-3.957092e-04 1.629712e-03 -5.033340e-21)
417           	mag(U)        	0.000000e+00	(-1.980858e-02 2.540000e-02 -1.473427e-21)	6.626534e+00	(-3.957092e-04 1.629712e-03 -5.033340e-21)
418           	mag(U)        	0.000000e+00	(-1.980858e-02 2.540000e-02 -1.473427e-21)	6.626534e+00	(-3.957092e-04 1.629712e-03 -5.033340e-21)
419           	mag(U)        	0.000000e+00	(-1.980858e-02 2.540000e-02 -1.473427e-21)	6.626534e+00	(-3.957092e-04 1.629712e-03 -5.033340e-21)
420           	mag(U)        	0.000000e+00	(-1.980858e-02 2.540000e-02 -1.473427e-21)	6.626534e+00	(-3.957092e-04 1.629712e-03 -5.033340e-21)
421           	mag(U)        	0.000000e+00	(-1.980858e-02 2.540000e-02 -1.473427e-21)	6.626534e+00	(-3.957092e-04 1.629712e-03 -5.033340e-21)
422           	mag(U)        	0.000000e+00	(-1.980858e-02 2.540000e-02 -1.473427e-21)	6.626534e+00	(-3.957092e-04 1.629712e-03 -5.033340e-21)
423           	mag(U)        	0.000000e+00	(-1.980858e-02 2.540000e-02 -1.473427e-21)	6.626534e+00	(-3.957092e-04 1.629712e-03 -5.033340e-21)
424           	mag(U)        	0.000000e+00	(-1.980858e-02 2.540000e-02 -1.473427e-21)	6.626534e+00	(-3.957092e-04 1.629712e-03 -5.033340e-21)
425           	mag(U)        	0.000000e+00	(-1.980858e-02 2.540000e-02 -1.473427e-21)	6.626534e+00	(-3.957092e-04 1.629712e-03 -5.033340e-21)
426           	mag(U)        	0.000000e+00	(-1.980858e-02 2.540000e-02 -1.473427e-21)	6.626534e+00	(-3.957092e-04 1.629712e-03 -5.033340e-21)
427           	mag(U)        	0.000000e+00	(-1.980858e-02 2.540000e-02 -1.473427e-21)	6.626534e+00	(-3.957092e-04 1.629712e-03 -5.033340e-21)
428           	mag(U)        	0.000000e+00	(-1.980858e-02 2.540000e-02 -1.473427e-21)	6.626534e+00	(-3.957092e-04 1.629712e-03 -5.033340e-21)
429           	mag(U)        	0.000000e+00	(-1.980858e-02 2.540000e-02 -1.473427e-21)	6.626534e+00	(-3.957092e-04 1.629712e-03 -5.033340e-21)
430           	mag(U)        	0.000000e+00	(-1.980858e-02 2.540000e-02 -1.473427e-21)	6.626533e+00	(-3.957092e-04 1.629712e-03 -5.033340e-21)
431           	mag(U)        	0.000000e+00	(-1.980858e-02 2.540000e-02 -1.473427e-21)	6.626533e+00	(-3.957092e-04 1.629712e-03 -5.033340e-21)
432           	mag(U)        	0.000000e+00	(-1.980858e-02 2.540000e-02 -1.473427e-21)	6.626533e+00	(-3.957092e-04 1.629712e-03 -5.033340e-21)
433           	mag(U)        	0.000000e+00	(-1.980858e-02 2.540000e-02 -1.473427e-21)	6.626533e+00	(-3.957092e-04 1.629712e-03 -5.033340e-21)
434           	mag(U)        	0.000000e+00	(-1.980858e-02 2.540000e-02 -1.473427e-21)	6.626533e+00	(-3.957092e-04 1.629712e-03 -5.033340e-21)
435           	mag(U)        	0.000000e+00	(-1.980858e-02 2.540000e-02 -1.473427e-21)	6.626533e+00	(-3.957092e-04 1.629712e-03 -5.033340e-21)
436           	mag(U)        	0.000000e+00	(-1.980858e-02 2.540000e-02 -1.473427e-21)	6.626533e+00	(-3.957092e-04 1.629712e-03 -5.033340e-21)
437           	mag(U)        	0.000000e+00	(-1.980858e-02 2.540000e-02 -1.473427e-21)	6.626533e+00	(-3.957092e-04 1.629712e-03 -5.033340e-21)
438           	mag(U)        	0.000000e+00	(-1.980858e-02 2.540000e-02 -1.473427e-21)	6.626533e+00	(-3.957092e-04 1.629712e-03 -5.033340e-21)
439           	mag(U)        	0.000000e+00	(-1.980858e-02 2.540000e-02 -1.473427e-21)	6.626533e+00	(-3.957092e-04 1.629712e-03 -5.033340e-21)
440           	mag(U)        	0.000000e+00	(-1.980858e-02 2.540000e-02 -1.473427e-21)	6.626533e+00	(-3.957092e-04 1.629712e-03 -5.033340e-21)
441           	mag(U)        	0.000000e+00	(-1.980858e-02 2.540000e-02 -1.473427e-21)	6.626533e+00	(-3.957092e-04 1.629712e-03 -5.033340e-21)
442           	mag(U)        	0.000000e+00	(-1.980858e-02 2.540000e-02 -1.473427e-21)	6.626533e+00	(-3.957092e-04 1.629712e-03 -5.033340e-21)
443           	mag(U)        	0.000000e+00	(-1.980858e-02 2.540000e-02 -1.473427e-21)	6.626533e+00	(-3.957092e-04 1.629712e-03 -5.033340e-21)
444           	mag(U)        	0.000000e+00	(-1.980858e-02 2.540000e-02 -1.473427e-21)	6.626533e+00	(-3.957092e-04 1.629712e-03 -5.033340e-21)
445           	mag(U)        	0.000000e+00	(-1.980858e-02 2.540000e-02 -1.473427e-21)	6.626533e+00	(-3.957092e-04 1.629712e-03 -5.033340e-21)
446           	mag(U)        	0.000000e+00	(-1.980858e-02 2.540000e-02 -1.473427e-21)	6.626533e+00	(-3.957092e-04 1.629712e-03 -5.033340e-21)
447           	mag(U)        	0.000000e+00	(-1.980858e-02 2.540000e-02 -1.473427e-21)	6.626533e+00	(-3.957092e-04 1.629712e-03 -5.033340e-21)
448           	mag(U)        	0.000000e+00	(-1.980858e-02 2.540000e-02 -1.473427e-21)	6.626533e+00	(-3.957092e-04 1.629712e-03 -5.033340e-21)
449           	mag(U)        	0.000000e+00	(-1.980858e-02 2.540000e-02 -1.473427e-21)	6.626533e+00	(-3.957092e-04 1.629712e-03 -5.033340e-21)
450           	mag(U)        	0.000000e+00	(-1.980858e-02 2.540000e-02 -1.473427e-21)	6.626533e+00	(-3.957092e-04 1.629712e-03 -5.033340e-21)
451           	mag(U)        	0.000000e+00	(-1.980858e-02 2.540000e-02 -1.473427e-21)	6.626533e+00	(-3.957092e-04 1.629712e-03 -5.033340e-21)
452           	mag(U)        	0.000000e+00	(-1.980858e-02 2.540000e-02 -1.473427e-21)	6.626533e+00	(-3.957092e-04 1.629712e-03 -5.033340e-21)
453           	mag(U)        	0.000000e+00	(-1.980858e-02 2.540000e-02 -1.473427e-21)	6.626533e+00	(-3.957092e-04 1.629712e-03 -5.033340e-21)
454           	mag(U)        	0.000000e+00	(-1.980858e-02 2.540000e-02 -1.473427e-21)	6.626533e+00	(-3.957092e-04 1.629712e-03 -5.033340e-21)
455           	mag(U)        	0.000000e+00	(-1.980858e-02 2.540000e-02 -1.473427e-21)	6.626533e+00	(-3.957092e-04 1.629712e-03 -5.033340e-21)
456           	mag(U)        	0.000000e+00	(-1.980858e-02 2.540000e-02 -1.473427e-21)	6.626533e+00	(-3.957092e-04 1.629712e-03 -5.033340e-21)
457           	mag(U)        	0.000000e+00	(-1.980858e-02 2.540000e-02 -1.473427e-21)	6.626533e+00	(-3.957092e-04 1.629712e-03 -5.033340e-21)
458           	mag(U)        	0.000000e+00	(-1.980858e-02 2.540000e-02 -1.473427e-21)	6.626533e+00	(-3.957092e-04 1.629712e-03 -5.033340e-21)
459           	mag(U)        	0.000000e+00	(-1.980858e-02 2.540000e-02 -1.473427e-21)	6.626533e+00	(-3.957092e-04 1.629712e-03 -5.033340e-21)
460           	mag(U)        	0.000000e+00	(-1.980858e-02 2.540000e-02 -1.473427e-21)	6.626533e+00	(-3.957092e-04 1.629712e-03 -5.033340e-21)
461           	mag(U)        	0.000000e+00	(-1.980858e-02 2.540000e-02 -1.473427e-21)	6.626533e+00	(-3.957092e-04 1.629712e-03 -5.033340e-21)
