1	0
2	0
3	0
4	0
5	0
6	1
7	1
8	1
9	1
10	1
11	1
12	1
13	1
14	1
15	1
16	2
17	2
18	2
19	2
20	2
21	2
22	2
23	2
24	2
25	2
26	2
27	3
28	3
29	3
30	3
31	3
32	3
33	3
34	3
35	3
36	3
37	3
38	4
39	4
40	4
41	4
42	4
43	4
44	4
45	4
46	4
47	4
48	4
49	4
50	4
51	5
52	5
53	5
54	5
55	5
56	5
57	5
58	5
59	5
60	5
61	5
62	5
63	5
64	5
65	6
66	6
67	6
68	6
69	6
70	6
71	6
72	6
73	6
74	6
75	6
76	6
77	7
78	7
79	7
80	7
81	7
82	7
83	7
84	7
85	7
86	7
87	7
88	7
89	7
90	8
91	8
92	8
93	8
94	8
95	8
96	8
97	8
98	8
99	8
100	8
101	9
102	9
103	9
104	9
105	9
106	9
107	9
108	9
109	9
110	10
111	10
112	10
113	10
114	10
115	10
116	10
117	10
118	10
119	10
120	10
121	10
122	10
123	11
124	11
125	11
126	11
127	11
128	11
129	11
130	11
131	11
132	11
133	11
134	11
135	11
136	11
137	12
138	12
139	12
140	12
141	12
142	12
143	12
144	12
145	12
146	12
147	12
148	12
149	12
150	13
151	13
152	13
153	13
154	13
155	13
156	13
157	13
158	13
159	13
160	13
161	13
162	13
163	14
164	14
165	14
166	14
167	14
168	14
169	14
170	14
171	14
172	14
173	14
174	14
175	14
176	15
177	15
178	15
179	15
180	15
181	15
182	15
183	15
184	15
185	15
186	15
187	15
188	16
189	16
190	16
191	16
192	16
193	16
194	16
195	16
196	16
197	16
198	16
199	16
200	17
201	17
202	17
203	17
204	17
205	17
206	17
207	17
208	17
209	17
210	17
211	18
212	18
213	18
214	18
215	18
216	18
217	18
218	18
219	18
220	18
221	18
222	18
223	18
224	19
225	19
226	19
227	19
228	19
229	19
230	19
231	19
232	19
233	19
234	19
235	19
236	20
237	20
238	20
239	20
240	20
241	20
242	20
243	20
244	20
245	20
246	20
247	20
248	21
249	21
250	21
251	21
252	21
253	21
254	21
255	21
256	21
257	21
258	21
259	21
260	22
261	22
262	22
263	22
264	22
265	22
266	22
267	22
268	22
269	22
270	22
271	22
272	22
273	23
274	23
275	23
276	23
277	23
278	23
279	23
280	23
281	23
282	23
283	23
284	23
285	24
286	24
287	24
288	24
289	24
290	24
291	24
292	24
293	24
294	24
295	24
296	25
297	25
298	25
299	25
300	25
301	25
302	25
303	25
304	25
305	25
306	25
307	26
308	26
309	26
310	26
311	26
312	26
313	26
314	26
315	26
316	26
317	26
318	26
319	27
320	27
321	27
322	27
323	27
324	27
325	27
326	27
327	27
328	27
329	27
330	28
331	28
332	28
333	28
334	28
335	28
336	28
337	28
338	28
339	28
340	29
341	29
342	29
343	29
344	29
345	29
346	29
347	29
348	29
349	29
350	29
351	30
352	30
353	30
354	30
355	30
356	30
357	30
358	30
359	30
360	30
361	30
362	31
363	31
364	31
365	31
366	31
367	31
368	31
369	31
370	31
371	31
372	31
373	32
374	32
375	32
376	32
377	32
378	32
379	32
380	32
381	32
382	32
383	32
384	33
385	33
386	33
387	33
388	33
389	33
390	33
391	33
392	33
393	33
394	34
395	34
396	34
397	34
398	34
399	34
400	34
401	34
402	34
403	35
404	35
405	35
406	35
407	35
408	35
409	35
410	35
411	35
412	35
413	36
414	36
415	36
416	36
417	36
418	36
419	36
420	36
421	36
422	36
423	36
424	37
425	37
426	37
427	37
428	37
429	37
430	37
431	37
432	37
433	37
434	37
435	38
436	38
437	38
438	38
439	38
440	38
441	38
442	38
443	38
444	38
445	38
446	39
447	39
448	39
449	39
450	39
451	39
452	39
453	39
454	39
455	39
456	40
457	40
458	40
459	40
460	40
461	40
