1	0.086191
2	-0.0139717
3	0.0408701
4	0.0260882
5	-0.00207993
6	0.00830696
7	-0.00601814
8	0.00137497
9	-0.0127798
10	-6.27138e-05
11	-0.000624534
12	-0.000722595
13	-1.58589e-05
14	0.00260407
15	0.00285809
16	0.000187876
17	-0.00167324
18	-0.000554447
19	-0.000135808
20	0.0015578
21	0.000458006
22	9.40053e-05
23	0.000981744
24	-0.000178881
25	-3.61371e-05
26	0.000431834
27	6.79316e-06
28	0.000324967
29	-0.000219173
30	-7.33198e-05
31	0.00034783
32	-0.000269523
33	1.82073e-05
34	0.000228731
35	0.000120438
36	-1.39292e-06
37	0.000168795
38	4.38444e-05
39	1.15339e-05
40	0.000196361
41	-9.41983e-05
42	0.000118289
43	-0.000100244
44	4.78081e-05
45	-4.48876e-05
46	-8.59666e-05
47	0.000113558
48	-0.000121203
49	-7.2412e-05
50	-8.03209e-05
51	0.000104975
52	0.000106199
53	0.000104086
54	7.79869e-05
55	-8.92048e-05
56	6.80003e-05
57	-7.20532e-05
58	-7.02346e-05
59	8.97747e-05
60	7.74192e-05
61	8.06364e-05
62	7.594e-05
63	9.60657e-05
64	9.9399e-05
65	7.30941e-05
66	7.80424e-05
67	7.17515e-05
68	-9.84224e-05
69	9.37935e-05
70	0.000102125
71	7.33451e-05
72	7.3608e-05
73	7.28209e-05
74	-0.000103417
75	-0.000110187
76	8.1345e-05
77	8.55383e-05
78	8.58201e-05
79	8.69281e-05
80	8.7784e-05
81	8.72469e-05
82	8.39197e-05
83	8.10653e-05
84	7.90248e-05
85	7.92581e-05
86	7.78461e-05
87	7.83271e-05
88	7.69483e-05
89	7.16262e-05
90	6.42813e-05
91	5.92179e-05
92	5.99493e-05
93	6.44307e-05
94	6.84052e-05
95	6.95709e-05
96	6.76556e-05
97	6.78701e-05
98	6.66776e-05
99	-6.93813e-05
100	-6.82717e-05
101	5.82575e-05
102	5.78322e-05
103	5.82387e-05
104	5.44934e-05
105	5.13113e-05
106	4.51687e-05
107	4.0675e-05
108	3.42788e-05
109	2.92787e-05
110	2.92177e-05
111	-1.94678e-05
112	3.11609e-05
113	3.39304e-05
114	3.59004e-05
115	3.60598e-05
116	-4.09777e-05
117	2.89782e-05
118	2.89015e-05
119	-3.65835e-05
120	3.6481e-05
121	-3.67322e-05
122	-3.69083e-05
123	-3.90918e-05
124	-3.95614e-05
125	-3.91869e-05
126	-3.73323e-05
127	-3.54774e-05
128	-3.55927e-05
129	3.38292e-05
130	3.16951e-05
131	3.13592e-05
132	3.17449e-05
133	2.68616e-05
134	2.77925e-05
135	2.92368e-05
136	3.12642e-05
137	3.3386e-05
138	3.50126e-05
139	3.64187e-05
140	3.68087e-05
141	3.61654e-05
142	-3.71672e-05
143	3.56896e-05
144	-3.80135e-05
145	-3.86511e-05
146	-3.95123e-05
147	-4.01606e-05
148	-4.09833e-05
149	-4.09788e-05
150	-4.08408e-05
151	3.29707e-05
152	-3.77573e-05
153	2.78724e-05
154	2.39739e-05
155	2.31653e-05
156	2.35032e-05
157	2.78835e-05
158	3.38075e-05
159	3.68765e-05
160	3.80139e-05
161	3.56638e-05
162	2.95651e-05
163	2.41565e-05
164	-5.09618e-05
165	-4.99741e-05
166	2.42523e-05
167	2.43715e-05
168	2.56188e-05
169	2.87698e-05
170	3.37475e-05
171	3.85583e-05
172	3.00594e-05
173	3.17482e-05
174	3.50919e-05
175	3.80976e-05
176	5.94034e-05
177	4.60112e-05
178	-4.28791e-05
179	4.92125e-05
180	-4.51819e-05
181	-4.8049e-05
182	-4.90986e-05
183	-4.92715e-05
184	-4.85763e-05
185	-4.72594e-05
186	-4.6928e-05
187	-4.68995e-05
188	-4.67038e-05
189	-4.73791e-05
190	-4.82066e-05
191	-4.9191e-05
192	-4.96843e-05
193	-5.05741e-05
194	-5.07958e-05
195	-5.10703e-05
196	-5.08702e-05
197	-5.01918e-05
198	-4.95893e-05
199	-4.85843e-05
200	-4.82647e-05
201	-4.78411e-05
202	-4.73199e-05
203	-4.65437e-05
204	-4.62085e-05
205	-4.57753e-05
206	-4.52826e-05
207	-4.42692e-05
208	-4.27e-05
209	5.26232e-05
210	5.0534e-05
211	4.8972e-05
212	4.77995e-05
213	4.73213e-05
214	4.71033e-05
215	4.68851e-05
216	4.71798e-05
217	4.73412e-05
218	-3.75109e-05
219	-3.72815e-05
220	-3.7156e-05
221	-3.7196e-05
222	-3.74537e-05
223	-3.7573e-05
224	-3.72827e-05
225	3.317e-05
226	3.58624e-05
227	-2.64435e-05
228	-2.56061e-05
229	3.32369e-05
230	3.20936e-05
231	3.04337e-05
232	-2.94053e-05
233	-2.82511e-05
234	-2.72405e-05
235	-2.64502e-05
236	-2.56153e-05
237	-2.5062e-05
238	-2.43681e-05
239	-2.37752e-05
240	-2.31383e-05
241	-2.24182e-05
242	-2.17751e-05
243	-2.10734e-05
244	-2.04238e-05
245	-1.9898e-05
246	-1.94639e-05
247	-1.91694e-05
248	-1.89234e-05
249	-1.87603e-05
250	-1.85986e-05
251	-1.85214e-05
252	-1.84632e-05
253	-1.8499e-05
254	-1.84718e-05
255	-1.84507e-05
256	-1.8426e-05
257	-1.83665e-05
258	-1.82629e-05
259	-1.81926e-05
260	-1.80984e-05
261	-1.80779e-05
262	-1.79968e-05
263	-1.78705e-05
264	-1.77264e-05
265	-1.75634e-05
266	-1.73654e-05
267	-1.71132e-05
268	-1.68497e-05
269	-1.65549e-05
270	-1.62428e-05
271	-1.59239e-05
272	-1.55424e-05
273	-1.51315e-05
274	1.05325e-05
275	9.84135e-06
276	9.27318e-06
277	8.82517e-06
278	8.45472e-06
279	8.10154e-06
280	7.72841e-06
281	7.34629e-06
282	5.24558e-06
283	6.54346e-06
284	6.39876e-06
285	4.3735e-06
286	4.20541e-06
287	3.99253e-06
288	3.82199e-06
289	3.65222e-06
290	3.48878e-06
291	3.29904e-06
292	3.11411e-06
293	2.91391e-06
294	2.71577e-06
295	2.52231e-06
296	2.32379e-06
297	2.11293e-06
298	1.90756e-06
299	1.73395e-06
300	1.7248e-06
301	1.62364e-06
302	1.70186e-06
303	1.83839e-06
304	1.83455e-06
305	1.72345e-06
306	1.69469e-06
307	1.78577e-06
308	1.78459e-06
309	1.6085e-06
310	1.91436e-06
311	1.40477e-06
312	1.43577e-06
313	1.76799e-06
314	1.89713e-06
315	1.73593e-06
316	1.78155e-06
317	1.7984e-06
318	1.77775e-06
319	1.72372e-06
320	1.75295e-06
321	1.90769e-06
322	2.08637e-06
323	2.15961e-06
324	1.27792e-06
325	1.25822e-06
326	1.17744e-06
327	1.19812e-06
328	1.23808e-06
329	1.69794e-06
330	1.6869e-06
331	1.67254e-06
332	1.65919e-06
333	1.57098e-06
334	1.55163e-06
335	1.5924e-06
336	1.51141e-06
337	1.5166e-06
338	1.44387e-06
339	1.44896e-06
340	1.4337e-06
341	1.46056e-06
342	1.47053e-06
343	1.47839e-06
344	1.41349e-06
345	1.34788e-06
346	1.25254e-06
347	1.12886e-06
348	1.04493e-06
349	9.5822e-07
350	8.7744e-07
351	7.36248e-07
352	6.54849e-07
353	5.78164e-07
354	5.14164e-07
355	4.50749e-07
356	3.87398e-07
357	3.20709e-07
358	2.50628e-07
359	1.80949e-07
360	1.25823e-07
361	3.45121e-08
362	-2.16768e-08
363	-7.53181e-08
364	-2.38631e-07
365	-3.0607e-07
366	-1.52384e-07
367	-2.73272e-07
368	-6.39512e-07
369	-7.28227e-07
370	-6.88783e-07
371	-4.90564e-07
372	-6.04246e-07
373	-4.93736e-07
374	-5.87077e-07
375	-6.84287e-07
376	-7.3018e-07
377	-7.11581e-07
378	-7.6051e-07
379	-8.11851e-07
380	-7.95893e-07
381	-8.32276e-07
382	-8.63302e-07
383	-8.82912e-07
384	-9.13568e-07
385	-8.6695e-07
386	-8.98801e-07
387	-9.06218e-07
388	-9.1681e-07
389	-8.59849e-07
390	-8.58531e-07
391	-8.56056e-07
392	-9.06939e-07
393	-8.92499e-07
394	-8.18123e-07
395	-7.93755e-07
396	-7.60361e-07
397	-7.25221e-07
398	-7.13113e-07
399	-6.71851e-07
400	-6.4944e-07
401	-6.23772e-07
402	-5.8507e-07
403	-5.43915e-07
404	-4.93514e-07
405	-4.68285e-07
406	-4.16212e-07
407	-3.63094e-07
408	-3.02089e-07
409	-2.54188e-07
410	-2.02868e-07
411	-1.52445e-07
412	-1.16507e-07
413	-7.63667e-08
414	-3.74957e-08
415	4.93851e-10
416	2.0461e-08
417	4.92736e-08
418	7.35722e-08
419	9.31839e-08
420	1.07944e-07
421	1.08639e-07
422	1.24459e-07
423	2.05542e-07
424	2.07992e-07
425	2.0808e-07
426	2.06435e-07
427	2.10892e-07
428	2.24194e-07
429	2.59219e-07
430	3.25312e-07
431	3.23644e-07
432	3.40711e-07
433	3.61503e-07
434	2.24416e-07
435	2.44127e-07
436	2.65427e-07
437	2.98779e-07
438	3.24145e-07
439	3.31257e-07
440	3.41791e-07
441	3.53804e-07
442	3.2745e-07
443	3.40756e-07
444	3.52777e-07
445	3.66759e-07
446	3.80352e-07
447	3.60397e-07
448	3.69639e-07
449	3.50644e-07
450	3.85356e-07
451	3.94093e-07
452	4.01313e-07
453	4.08334e-07
454	3.82695e-07
455	3.81551e-07
456	3.819e-07
457	3.80624e-07
458	3.78798e-07
459	3.77815e-07
460	3.75136e-07
461	3.74052e-07
