1	0.823586
2	0.160391
3	0.496779
4	0.574013
5	0.0646307
6	0.567469
7	0.330792
8	0.0652693
9	0.285873
10	0.189442
11	0.0820691
12	0.209577
13	0.0987162
14	0.0535428
15	0.109282
16	0.0448092
17	0.0472767
18	0.0619649
19	0.0203705
20	0.0335586
21	0.0378356
22	0.011242
23	0.0214381
24	0.0183291
25	0.00522717
26	0.0124994
27	0.0107473
28	0.00516938
29	0.00877635
30	0.00674965
31	0.0039583
32	0.00613692
33	0.00397704
34	0.00324104
35	0.00363318
36	0.00246116
37	0.0024316
38	0.00298935
39	0.00162055
40	0.0019235
41	0.00182595
42	0.0013209
43	0.00158869
44	0.00141971
45	0.00095855
46	0.00113271
47	0.00123029
48	0.00111078
49	0.000948944
50	0.00106811
51	0.00107136
52	0.00100013
53	0.000888713
54	0.000959561
55	0.000962411
56	0.000801376
57	0.00080679
58	0.000778957
59	0.000775013
60	0.000769714
61	0.000794956
62	0.000686692
63	0.000730241
64	0.000753218
65	0.000604888
66	0.000673936
67	0.000627952
68	0.000679475
69	0.000673253
70	0.000714065
71	0.000552316
72	0.000554655
73	0.0005177
74	0.000626588
75	0.00064572
76	0.000502103
77	0.000531176
78	0.00054576
79	0.000536502
80	0.000523001
81	0.000502697
82	0.00047979
83	0.000465763
84	0.000463667
85	0.000469208
86	0.000473982
87	0.000480744
88	0.000483272
89	0.000448278
90	0.000420817
91	0.000404171
92	0.00040995
93	0.000450423
94	0.000438588
95	0.000436482
96	0.000443193
97	0.000453136
98	0.000477439
99	0.000448518
100	0.00043819
101	0.000446751
102	0.000463388
103	0.000483383
104	0.000455608
105	0.000435218
106	0.00039576
107	0.000373291
108	0.000346638
109	0.000330385
110	0.00036921
111	0.000393697
112	0.000378099
113	0.000395475
114	0.00040694
115	0.000411137
116	0.000406533
117	0.000327031
118	0.000326135
119	0.000388006
120	0.000337237
121	0.000388576
122	0.000379878
123	0.000384281
124	0.000382356
125	0.000375446
126	0.000364857
127	0.000354317
128	0.000355316
129	0.000305125
130	0.000304239
131	0.000307583
132	0.000308297
133	0.000310421
134	0.000303028
135	0.000301351
136	0.000306126
137	0.000308902
138	0.000307273
139	0.000300434
140	0.000283592
141	0.000285366
142	0.000259051
143	0.000280179
144	0.000257789
145	0.000263435
146	0.00026708
147	0.00026919
148	0.000274528
149	0.000278859
150	0.000283437
151	0.000313805
152	0.000290861
153	0.000319922
154	0.000293699
155	0.000288757
156	0.000285991
157	0.000315063
158	0.000323843
159	0.000330186
160	0.000330881
161	0.000332513
162	0.000321406
163	0.000302754
164	0.000427895
165	0.000432552
166	0.000318525
167	0.000317632
168	0.000319261
169	0.000328311
170	0.000341628
171	0.000355007
172	0.000246063
173	0.000250323
174	0.000258909
175	0.000266817
176	0.000412328
177	0.000289191
178	0.000259526
179	0.000294141
180	0.000265951
181	0.000268555
182	0.000270309
183	0.000267664
184	0.000263245
185	0.000256726
186	0.000254769
187	0.000253646
188	0.000257372
189	0.000259193
190	0.000261915
191	0.000264862
192	0.000264914
193	0.000267195
194	0.00026705
195	0.000266704
196	0.000263802
197	0.000258077
198	0.000253491
199	0.000247601
200	0.000245353
201	0.000242281
202	0.000238853
203	0.000234957
204	0.000234146
205	0.000233256
206	0.000232213
207	0.000228343
208	0.000221805
209	0.000276909
210	0.00026639
211	0.00026069
212	0.000259464
213	0.000261908
214	0.00026487
215	0.000266375
216	0.00026927
217	0.000271651
218	0.000206084
219	0.000210254
220	0.000213543
221	0.00021407
222	0.000214653
223	0.000215628
224	0.000216291
225	0.00020194
226	0.000214873
227	0.000163742
228	0.000163436
229	0.000210388
230	0.000205213
231	0.000196592
232	0.000191193
233	0.000191341
234	0.000191909
235	0.000190575
236	0.00018737
237	0.000185713
238	0.000184995
239	0.00018564
240	0.00018593
241	0.000185484
242	0.000184717
243	0.00018348
244	0.000182629
245	0.000182154
246	0.000181882
247	0.000182189
248	0.000183067
249	0.000184176
250	0.000185138
251	0.000186173
252	0.00018762
253	0.000189869
254	0.000191989
255	0.000193869
256	0.000195508
257	0.000196972
258	0.00019853
259	0.000200518
260	0.000202146
261	0.000203914
262	0.000205374
263	0.000206647
264	0.000208169
265	0.000210308
266	0.000212685
267	0.000214412
268	0.000216075
269	0.000217246
270	0.000218458
271	0.000219731
272	0.000220901
273	0.000221865
274	0.000190593
275	0.000189012
276	0.000188284
277	0.000189221
278	0.00019106
279	0.000192578
280	0.000193906
281	0.000195808
282	0.000196046
283	0.000199486
284	0.000202218
285	0.000201235
286	0.000203822
287	0.00020545
288	0.000207427
289	0.000209425
290	0.000211847
291	0.000213962
292	0.000215734
293	0.000216894
294	0.000217742
295	0.00021867
296	0.000219619
297	0.000220137
298	0.000220424
299	0.000220507
300	0.000220907
301	0.000220422
302	0.000223483
303	0.000229127
304	0.000235351
305	0.000242242
306	0.00024848
307	0.000252399
308	0.000258168
309	0.000263257
310	0.000237117
311	0.000245512
312	0.000259555
313	0.000267965
314	0.000276882
315	0.000255742
316	0.000260727
317	0.000267308
318	0.000274281
319	0.000283506
320	0.000260662
321	0.000265863
322	0.000273678
323	0.000278987
324	0.000256727
325	0.000258986
326	0.000260997
327	0.00026143
328	0.000261583
329	0.000237326
330	0.000236855
331	0.000236067
332	0.000235162
333	0.000212445
334	0.000209072
335	0.000225077
336	0.000202905
337	0.000218729
338	0.000198625
339	0.000212799
340	0.000208883
341	0.000203607
342	0.000197304
343	0.000191464
344	0.000186593
345	0.000180806
346	0.000194188
347	0.000178121
348	0.000175467
349	0.000172474
350	0.000169723
351	0.00016753
352	0.000164765
353	0.000161608
354	0.000156696
355	0.000151942
356	0.000147287
357	0.00014302
358	0.000138607
359	0.000133357
360	0.000115963
361	0.000121052
362	0.000115422
363	0.000109127
364	0.00011232
365	0.000104476
366	0.000108983
367	0.000101143
368	0.000103483
369	9.4578e-05
370	9.4532e-05
371	9.12097e-05
372	9.7687e-05
373	9.21944e-05
374	9.70806e-05
375	9.09778e-05
376	9.41107e-05
377	8.75375e-05
378	8.94227e-05
379	9.03652e-05
380	8.26026e-05
381	8.27831e-05
382	8.29264e-05
383	8.34307e-05
384	8.45829e-05
385	7.75415e-05
386	7.77617e-05
387	7.76787e-05
388	7.73164e-05
389	6.96425e-05
390	6.86923e-05
391	6.77382e-05
392	7.34148e-05
393	7.26077e-05
394	6.50907e-05
395	6.36426e-05
396	6.18572e-05
397	5.99375e-05
398	6.41606e-05
399	6.26624e-05
400	6.1303e-05
401	5.98886e-05
402	5.86264e-05
403	5.73999e-05
404	5.61939e-05
405	5.49709e-05
406	5.35895e-05
407	5.20712e-05
408	5.58265e-05
409	5.41993e-05
410	5.25413e-05
411	5.0788e-05
412	5.44641e-05
413	5.29764e-05
414	5.15515e-05
415	5.05344e-05
416	4.95725e-05
417	4.84665e-05
418	4.73376e-05
419	4.61249e-05
420	4.47836e-05
421	4.85604e-05
422	4.71376e-05
423	5.12051e-05
424	4.97537e-05
425	4.81257e-05
426	4.63023e-05
427	4.43052e-05
428	4.80752e-05
429	4.59147e-05
430	4.96989e-05
431	4.31209e-05
432	4.4444e-05
433	4.59327e-05
434	4.19691e-05
435	4.33022e-05
436	4.45536e-05
437	4.5772e-05
438	4.18836e-05
439	4.27167e-05
440	4.34182e-05
441	4.43029e-05
442	4.05689e-05
443	4.10497e-05
444	4.14729e-05
445	4.19376e-05
446	4.23563e-05
447	3.84825e-05
448	3.85357e-05
449	3.48365e-05
450	3.84151e-05
451	3.8443e-05
452	3.84064e-05
453	3.82287e-05
454	3.44798e-05
455	3.39917e-05
456	3.35362e-05
457	3.30953e-05
458	3.2617e-05
459	3.21075e-05
460	3.15152e-05
461	3.06776e-05
