1	0.086191
2	0.0722192
3	0.113089
4	0.139178
5	0.137098
6	0.145405
7	0.139386
8	0.140761
9	0.127982
10	0.127919
11	0.127294
12	0.126572
13	0.126556
14	0.12916
15	0.132018
16	0.132206
17	0.130533
18	0.129978
19	0.129842
20	0.1314
21	0.131858
22	0.131952
23	0.132934
24	0.132755
25	0.132719
26	0.133151
27	0.133158
28	0.133483
29	0.133263
30	0.13319
31	0.133538
32	0.133268
33	0.133287
34	0.133515
35	0.133636
36	0.133634
37	0.133803
38	0.133847
39	0.133859
40	0.134055
41	0.133961
42	0.134079
43	0.133979
44	0.134027
45	0.133982
46	0.133896
47	0.134009
48	0.133888
49	0.133816
50	0.133735
51	0.13384
52	0.133946
53	0.134051
54	0.134129
55	0.134039
56	0.134107
57	0.134035
58	0.133965
59	0.134055
60	0.134132
61	0.134213
62	0.134289
63	0.134385
64	0.134484
65	0.134557
66	0.134635
67	0.134707
68	0.134609
69	0.134703
70	0.134805
71	0.134878
72	0.134952
73	0.135024
74	0.134921
75	0.134811
76	0.134892
77	0.134978
78	0.135064
79	0.13515
80	0.135238
81	0.135326
82	0.135409
83	0.13549
84	0.13557
85	0.135649
86	0.135727
87	0.135805
88	0.135882
89	0.135954
90	0.136018
91	0.136077
92	0.136137
93	0.136201
94	0.13627
95	0.136339
96	0.136407
97	0.136475
98	0.136542
99	0.136472
100	0.136404
101	0.136462
102	0.13652
103	0.136578
104	0.136633
105	0.136684
106	0.136729
107	0.13677
108	0.136804
109	0.136833
110	0.136863
111	0.136843
112	0.136874
113	0.136908
114	0.136944
115	0.13698
116	0.136939
117	0.136968
118	0.136997
119	0.136961
120	0.136997
121	0.13696
122	0.136923
123	0.136884
124	0.136845
125	0.136806
126	0.136768
127	0.136733
128	0.136697
129	0.136731
130	0.136763
131	0.136794
132	0.136826
133	0.136853
134	0.13688
135	0.13691
136	0.136941
137	0.136974
138	0.137009
139	0.137046
140	0.137083
141	0.137119
142	0.137082
143	0.137117
144	0.137079
145	0.137041
146	0.137001
147	0.136961
148	0.13692
149	0.136879
150	0.136838
151	0.136871
152	0.136833
153	0.136861
154	0.136885
155	0.136908
156	0.136932
157	0.13696
158	0.136994
159	0.13703
160	0.137068
161	0.137104
162	0.137134
163	0.137158
164	0.137107
165	0.137057
166	0.137081
167	0.137106
168	0.137131
169	0.13716
170	0.137194
171	0.137232
172	0.137262
173	0.137294
174	0.137329
175	0.137367
176	0.137427
177	0.137473
178	0.13743
179	0.137479
180	0.137434
181	0.137386
182	0.137337
183	0.137287
184	0.137239
185	0.137192
186	0.137145
187	0.137098
188	0.137051
189	0.137004
190	0.136955
191	0.136906
192	0.136857
193	0.136806
194	0.136755
195	0.136704
196	0.136653
197	0.136603
198	0.136553
199	0.136505
200	0.136457
201	0.136409
202	0.136361
203	0.136315
204	0.136269
205	0.136223
206	0.136178
207	0.136133
208	0.136091
209	0.136143
210	0.136194
211	0.136243
212	0.136291
213	0.136338
214	0.136385
215	0.136432
216	0.136479
217	0.136526
218	0.136489
219	0.136452
220	0.136414
221	0.136377
222	0.13634
223	0.136302
224	0.136265
225	0.136298
226	0.136334
227	0.136308
228	0.136282
229	0.136315
230	0.136347
231	0.136378
232	0.136348
233	0.13632
234	0.136293
235	0.136266
236	0.136241
237	0.136216
238	0.136191
239	0.136168
240	0.136144
241	0.136122
242	0.1361
243	0.136079
244	0.136059
245	0.136039
246	0.136019
247	0.136
248	0.135981
249	0.135962
250	0.135944
251	0.135925
252	0.135907
253	0.135888
254	0.13587
255	0.135851
256	0.135833
257	0.135815
258	0.135796
259	0.135778
260	0.13576
261	0.135742
262	0.135724
263	0.135706
264	0.135688
265	0.135671
266	0.135654
267	0.135636
268	0.13562
269	0.135603
270	0.135587
271	0.135571
272	0.135555
273	0.13554
274	0.135551
275	0.135561
276	0.13557
277	0.135579
278	0.135587
279	0.135595
280	0.135603
281	0.13561
282	0.135616
283	0.135622
284	0.135628
285	0.135633
286	0.135637
287	0.135641
288	0.135645
289	0.135649
290	0.135652
291	0.135655
292	0.135658
293	0.135661
294	0.135664
295	0.135667
296	0.135669
297	0.135671
298	0.135673
299	0.135675
300	0.135676
301	0.135678
302	0.13568
303	0.135682
304	0.135683
305	0.135685
306	0.135687
307	0.135689
308	0.13569
309	0.135692
310	0.135694
311	0.135695
312	0.135697
313	0.135698
314	0.1357
315	0.135702
316	0.135704
317	0.135706
318	0.135707
319	0.135709
320	0.135711
321	0.135713
322	0.135715
323	0.135717
324	0.135718
325	0.13572
326	0.135721
327	0.135722
328	0.135723
329	0.135725
330	0.135727
331	0.135728
332	0.13573
333	0.135732
334	0.135733
335	0.135735
336	0.135736
337	0.135738
338	0.135739
339	0.135741
340	0.135742
341	0.135744
342	0.135745
343	0.135746
344	0.135748
345	0.135749
346	0.13575
347	0.135752
348	0.135753
349	0.135754
350	0.135754
351	0.135755
352	0.135756
353	0.135756
354	0.135757
355	0.135757
356	0.135758
357	0.135758
358	0.135758
359	0.135759
360	0.135759
361	0.135759
362	0.135759
363	0.135759
364	0.135758
365	0.135758
366	0.135758
367	0.135758
368	0.135757
369	0.135756
370	0.135756
371	0.135755
372	0.135755
373	0.135754
374	0.135753
375	0.135753
376	0.135752
377	0.135751
378	0.135751
379	0.13575
380	0.135749
381	0.135748
382	0.135747
383	0.135746
384	0.135745
385	0.135745
386	0.135744
387	0.135743
388	0.135742
389	0.135741
390	0.13574
391	0.135739
392	0.135738
393	0.135737
394	0.135737
395	0.135736
396	0.135735
397	0.135734
398	0.135734
399	0.135733
400	0.135732
401	0.135732
402	0.135731
403	0.135731
404	0.13573
405	0.13573
406	0.135729
407	0.135729
408	0.135729
409	0.135728
410	0.135728
411	0.135728
412	0.135728
413	0.135728
414	0.135728
415	0.135728
416	0.135728
417	0.135728
418	0.135728
419	0.135728
420	0.135728
421	0.135728
422	0.135728
423	0.135728
424	0.135729
425	0.135729
426	0.135729
427	0.135729
428	0.13573
429	0.13573
430	0.13573
431	0.13573
432	0.135731
433	0.135731
434	0.135731
435	0.135732
436	0.135732
437	0.135732
438	0.135733
439	0.135733
440	0.135733
441	0.135734
442	0.135734
443	0.135734
444	0.135735
445	0.135735
446	0.135735
447	0.135736
448	0.135736
449	0.135736
450	0.135737
451	0.135737
452	0.135738
453	0.135738
454	0.135738
455	0.135739
456	0.135739
457	0.13574
458	0.13574
459	0.13574
460	0.135741
461	0.135741
