1	0.00394056
2	0.00104194
3	0.000726455
4	0.00315851
5	0.000376532
6	0.00263806
7	0.000587566
8	0.000418155
9	0.000308897
10	0.000226856
11	0.000206348
12	0.00156621
13	0.00157753
14	0.00143958
15	0.000222464
16	0.000197093
17	0.000193987
18	0.000189021
19	0.000180497
20	0.000175138
21	0.000164189
22	0.000154332
23	0.00015114
24	0.000149456
25	0.000145125
26	0.000138623
27	0.000133968
28	0.000131626
29	0.000129739
30	0.000126718
31	0.000122997
32	0.000120766
33	0.000117204
34	0.000113518
35	0.00011064
36	0.00010725
37	0.000105338
38	0.000103123
39	0.000100447
40	9.88731e-05
41	9.64058e-05
42	9.4791e-05
43	9.24652e-05
44	9.08567e-05
45	8.91226e-05
46	8.78518e-05
47	8.64539e-05
48	8.50093e-05
49	8.3343e-05
50	8.15005e-05
51	7.99326e-05
52	7.86344e-05
53	7.7358e-05
54	7.61753e-05
55	7.46893e-05
56	7.38761e-05
57	7.24497e-05
58	7.16787e-05
59	7.05829e-05
60	6.91552e-05
61	6.82416e-05
62	6.72793e-05
63	6.63349e-05
64	6.56974e-05
65	6.48175e-05
66	6.37839e-05
67	6.29887e-05
68	6.2019e-05
69	6.11259e-05
70	6.02594e-05
71	5.97104e-05
72	5.90252e-05
73	5.82239e-05
74	5.7683e-05
75	5.68547e-05
76	5.63554e-05
77	5.56313e-05
78	5.52052e-05
79	5.47996e-05
80	5.41833e-05
81	5.36687e-05
82	5.34285e-05
83	5.29687e-05
84	5.25249e-05
85	5.22056e-05
86	5.20219e-05
87	5.17008e-05
88	5.12916e-05
89	5.09109e-05
90	5.05745e-05
91	5.03797e-05
92	5.01624e-05
93	4.98894e-05
94	4.94674e-05
95	4.95106e-05
96	4.89828e-05
97	4.89253e-05
98	4.85966e-05
99	4.84354e-05
100	4.83411e-05
101	4.81351e-05
102	4.77361e-05
103	4.78985e-05
104	4.75821e-05
105	4.75439e-05
106	4.73734e-05
107	4.72202e-05
108	4.70753e-05
109	4.68858e-05
110	4.67725e-05
111	4.67588e-05
112	4.67211e-05
113	4.64774e-05
114	4.63492e-05
115	4.64095e-05
116	4.59455e-05
117	4.62131e-05
118	4.57709e-05
119	4.58016e-05
120	4.5746e-05
121	4.53766e-05
122	4.55033e-05
123	4.51082e-05
124	4.51851e-05
125	4.50043e-05
126	4.46929e-05
127	4.48006e-05
128	4.45174e-05
129	4.44613e-05
130	4.44151e-05
131	4.42534e-05
132	4.43612e-05
133	4.39519e-05
134	4.389e-05
135	4.36982e-05
136	4.36159e-05
137	4.33714e-05
138	4.34601e-05
139	4.32385e-05
140	4.30903e-05
141	4.29885e-05
142	4.2988e-05
143	4.27561e-05
144	4.25112e-05
145	4.25217e-05
146	4.24034e-05
147	4.21033e-05
148	4.21762e-05
149	4.20493e-05
150	4.18667e-05
151	4.18853e-05
152	4.15823e-05
153	4.16051e-05
154	4.14735e-05
155	4.12552e-05
156	4.11867e-05
157	4.10472e-05
158	4.09177e-05
159	4.07658e-05
160	4.07239e-05
161	4.0647e-05
162	4.04296e-05
163	4.03645e-05
164	4.02074e-05
165	4.00424e-05
166	4.00627e-05
167	3.99045e-05
168	3.98815e-05
169	3.9664e-05
170	3.9536e-05
171	3.94472e-05
172	3.92905e-05
173	3.92583e-05
174	3.91116e-05
175	3.90535e-05
176	3.88888e-05
177	3.88054e-05
178	3.86911e-05
179	3.85788e-05
180	3.845e-05
181	3.83499e-05
182	3.81994e-05
183	3.81389e-05
184	3.80452e-05
185	3.79207e-05
186	3.77735e-05
187	3.76639e-05
188	3.75396e-05
189	3.74189e-05
190	3.74344e-05
191	3.72271e-05
192	3.7095e-05
193	3.70013e-05
194	3.68568e-05
195	3.67689e-05
196	3.65771e-05
197	3.64709e-05
198	3.63826e-05
199	3.62274e-05
200	3.61609e-05
201	3.59819e-05
202	3.58892e-05
203	3.56684e-05
204	3.56441e-05
205	3.54338e-05
206	3.54728e-05
207	3.52829e-05
208	3.51448e-05
209	3.50072e-05
210	3.48145e-05
211	3.47967e-05
212	3.46565e-05
213	3.44625e-05
214	3.43025e-05
215	3.41975e-05
216	3.41422e-05
217	3.39582e-05
218	3.38228e-05
219	3.365e-05
220	3.3605e-05
221	3.34188e-05
222	3.33457e-05
223	3.32103e-05
224	3.30965e-05
225	3.29816e-05
226	3.28107e-05
227	3.27539e-05
228	3.2667e-05
229	3.25875e-05
230	3.23969e-05
231	3.2258e-05
232	3.2121e-05
233	3.20792e-05
234	3.18754e-05
235	3.18525e-05
236	3.16392e-05
237	3.16593e-05
238	3.14545e-05
239	3.14081e-05
240	3.12637e-05
241	3.11466e-05
242	3.11108e-05
243	3.08712e-05
244	3.08028e-05
245	3.07011e-05
246	3.05697e-05
247	3.04726e-05
248	3.03858e-05
249	3.0288e-05
250	3.02033e-05
251	3.01507e-05
252	2.99984e-05
253	2.99033e-05
254	2.9779e-05
255	2.96961e-05
256	2.95895e-05
257	2.95156e-05
258	2.93913e-05
259	2.93246e-05
260	2.91907e-05
261	2.91751e-05
262	2.90415e-05
263	2.89224e-05
264	2.88084e-05
265	2.87768e-05
266	2.85907e-05
267	2.85678e-05
268	2.8479e-05
269	2.84727e-05
270	2.8331e-05
271	2.81905e-05
272	2.81538e-05
273	2.80652e-05
274	2.79293e-05
275	2.78379e-05
276	2.77762e-05
277	2.77447e-05
278	2.762e-05
279	2.75345e-05
280	2.748e-05
281	2.73718e-05
282	2.7289e-05
283	2.71991e-05
284	2.71166e-05
285	2.70452e-05
286	2.70154e-05
287	2.68857e-05
288	2.68324e-05
289	2.6682e-05
290	2.65745e-05
291	2.65196e-05
292	2.64747e-05
293	2.63156e-05
294	2.62234e-05
295	2.61711e-05
296	2.60054e-05
297	2.58997e-05
298	2.58814e-05
299	2.5782e-05
300	2.56636e-05
301	2.55863e-05
302	2.54547e-05
303	2.53461e-05
304	2.52165e-05
305	2.50384e-05
306	2.50117e-05
307	2.48533e-05
308	2.47112e-05
309	2.45784e-05
310	2.44461e-05
311	2.43175e-05
312	2.41929e-05
313	2.40707e-05
314	2.3915e-05
315	2.37832e-05
316	2.36927e-05
317	2.35085e-05
318	2.33794e-05
319	2.33055e-05
320	2.30794e-05
321	2.29406e-05
322	2.28091e-05
323	2.26753e-05
324	2.25309e-05
325	2.23702e-05
326	2.22098e-05
327	2.2058e-05
328	2.19206e-05
329	2.17817e-05
330	2.16377e-05
331	2.14741e-05
332	2.12948e-05
333	2.11635e-05
334	2.10219e-05
335	2.08364e-05
336	2.06818e-05
337	2.0516e-05
338	2.03504e-05
339	2.01521e-05
340	1.99869e-05
341	1.98115e-05
342	1.96553e-05
343	1.94248e-05
344	1.92804e-05
345	1.91442e-05
346	1.88653e-05
347	1.87482e-05
348	1.85531e-05
349	1.83597e-05
350	1.81617e-05
351	1.79565e-05
352	1.77869e-05
353	1.76586e-05
354	1.74015e-05
355	1.72424e-05
356	1.71426e-05
357	1.69473e-05
358	1.67816e-05
359	1.65277e-05
360	1.64238e-05
361	1.62354e-05
362	1.60987e-05
363	1.59351e-05
364	1.57487e-05
365	1.56451e-05
366	1.5355e-05
367	1.52938e-05
368	1.50246e-05
369	1.48017e-05
370	1.46074e-05
371	1.42638e-05
372	1.41271e-05
373	1.39063e-05
374	1.3634e-05
375	1.34294e-05
376	1.31779e-05
377	1.29886e-05
378	1.27841e-05
379	1.26178e-05
380	1.23899e-05
381	1.2146e-05
382	1.19962e-05
383	1.17807e-05
384	1.15399e-05
385	1.13343e-05
386	1.11454e-05
387	1.09379e-05
388	1.07667e-05
389	1.05221e-05
390	1.03029e-05
391	1.01856e-05
392	9.96511e-06
393	9.80842e-06
394	9.60066e-06
395	9.46587e-06
396	9.28053e-06
397	9.07878e-06
398	8.89819e-06
399	8.74227e-06
400	8.54408e-06
401	8.39867e-06
402	8.24603e-06
403	8.07512e-06
404	7.92872e-06
405	7.78455e-06
406	7.5953e-06
407	7.47889e-06
408	7.35959e-06
409	7.16086e-06
410	7.04019e-06
411	6.87366e-06
412	6.75251e-06
413	6.60923e-06
414	6.48503e-06
415	6.36762e-06
416	6.23228e-06
417	6.09217e-06
418	5.95246e-06
419	5.82805e-06
420	5.73055e-06
421	5.62908e-06
422	5.49738e-06
423	5.39445e-06
424	5.28521e-06
425	5.17291e-06
426	5.08198e-06
427	5.03183e-06
428	4.91783e-06
429	4.83796e-06
430	4.75822e-06
431	4.69249e-06
432	4.5638e-06
433	4.50781e-06
434	4.3954e-06
435	4.33394e-06
436	4.24036e-06
437	4.16403e-06
438	4.08533e-06
439	4.01562e-06
440	3.94143e-06
441	3.86097e-06
442	3.79422e-06
443	3.71009e-06
444	3.63815e-06
445	3.56939e-06
446	3.50442e-06
447	3.4357e-06
448	3.37197e-06
449	3.30296e-06
450	3.23888e-06
451	3.16497e-06
452	3.08654e-06
453	3.01888e-06
454	2.95318e-06
455	2.87776e-06
456	2.82708e-06
457	2.75449e-06
458	2.68724e-06
459	2.62042e-06
460	2.55841e-06
461	2.49911e-06
