1	0.122027
2	0.054085
3	0.051185
4	0.033494
5	0.0190017
6	0.0270342
7	0.0282368
8	0.0213019
9	0.0180526
10	0.0131332
11	0.0131779
12	0.0158966
13	0.0159885
14	0.0144201
15	0.0134251
16	0.0117361
17	0.0116662
18	0.0118353
19	0.0108077
20	0.0101372
21	0.00929849
22	0.00859207
23	0.0086128
24	0.00841265
25	0.00791218
26	0.00747093
27	0.00714716
28	0.00683601
29	0.00680945
30	0.00663483
31	0.00638601
32	0.00622949
33	0.00598795
34	0.00579364
35	0.00565773
36	0.00545147
37	0.00530629
38	0.00515811
39	0.00505453
40	0.00499268
41	0.00489936
42	0.00482029
43	0.00471121
44	0.00462324
45	0.00456147
46	0.00448891
47	0.00442579
48	0.00434949
49	0.00425336
50	0.00418562
51	0.0041172
52	0.00404363
53	0.0039745
54	0.00391204
55	0.00383295
56	0.00378442
57	0.00373019
58	0.00366827
59	0.00360936
60	0.00354882
61	0.00350145
62	0.00344664
63	0.00339596
64	0.00335381
65	0.00330546
66	0.00325394
67	0.0032111
68	0.00315715
69	0.00311279
70	0.00307543
71	0.00303962
72	0.00300586
73	0.0029653
74	0.00293182
75	0.00289398
76	0.00286814
77	0.00283176
78	0.00280157
79	0.0027787
80	0.00275132
81	0.00272597
82	0.00270121
83	0.00267976
84	0.00265533
85	0.00263974
86	0.00262234
87	0.00260047
88	0.00259016
89	0.00257649
90	0.00255916
91	0.00255564
92	0.00254727
93	0.00253222
94	0.0025242
95	0.0025215
96	0.00250544
97	0.00250103
98	0.00249393
99	0.00248849
100	0.00248007
101	0.00247807
102	0.00246578
103	0.00246593
104	0.0024579
105	0.00245424
106	0.00244762
107	0.00244054
108	0.00243527
109	0.00242686
110	0.00241615
111	0.00241234
112	0.00240269
113	0.00239519
114	0.00239125
115	0.00237842
116	0.00236618
117	0.00236318
118	0.0023472
119	0.00234365
120	0.00233064
121	0.00231749
122	0.00230778
123	0.00229599
124	0.00228424
125	0.00227466
126	0.00225807
127	0.0022475
128	0.0022371
129	0.00222756
130	0.00221772
131	0.00220295
132	0.00219772
133	0.0021824
134	0.00217295
135	0.00215902
136	0.00214722
137	0.00213488
138	0.00212656
139	0.00211258
140	0.00210032
141	0.00208868
142	0.00207641
143	0.00206419
144	0.00205431
145	0.00204497
146	0.00202998
147	0.00201696
148	0.00200728
149	0.00199795
150	0.00198452
151	0.00197471
152	0.00196063
153	0.00195129
154	0.00194026
155	0.00192755
156	0.0019159
157	0.00190277
158	0.00189342
159	0.00188098
160	0.0018696
161	0.00185817
162	0.00184715
163	0.0018359
164	0.0018254
165	0.00181427
166	0.00180562
167	0.0017948
168	0.0017858
169	0.0017744
170	0.00176441
171	0.00175491
172	0.00174542
173	0.00173903
174	0.00172754
175	0.00172009
176	0.00171045
177	0.00170183
178	0.00169338
179	0.00168446
180	0.00167616
181	0.00166743
182	0.00165953
183	0.00165133
184	0.00164491
185	0.00163695
186	0.00162871
187	0.00162297
188	0.00161385
189	0.0016068
190	0.00160093
191	0.00159289
192	0.001587
193	0.0015788
194	0.0015718
195	0.00156384
196	0.00155579
197	0.00155022
198	0.00154277
199	0.00153612
200	0.00152954
201	0.00152171
202	0.00151475
203	0.00150784
204	0.00150202
205	0.00149495
206	0.00148973
207	0.00148304
208	0.00147472
209	0.00146914
210	0.00146103
211	0.001456
212	0.00144926
213	0.00144232
214	0.00143492
215	0.00142919
216	0.00142257
217	0.00141599
218	0.00140859
219	0.0014023
220	0.00139636
221	0.00138978
222	0.00138305
223	0.00137763
224	0.00137058
225	0.00136498
226	0.00135792
227	0.00135281
228	0.00134641
229	0.00134176
230	0.00133537
231	0.00132854
232	0.00132267
233	0.00131654
234	0.00131043
235	0.00130468
236	0.00129818
237	0.00129338
238	0.00128701
239	0.00128138
240	0.00127662
241	0.0012703
242	0.00126498
243	0.00125842
244	0.00125331
245	0.00124792
246	0.00124229
247	0.00123698
248	0.00123202
249	0.0012272
250	0.00122241
251	0.001217
252	0.00121186
253	0.00120657
254	0.0012012
255	0.00119532
256	0.0011907
257	0.00118495
258	0.00118042
259	0.00117551
260	0.00117091
261	0.00116698
262	0.00116208
263	0.00115635
264	0.0011515
265	0.00114697
266	0.00114143
267	0.00113739
268	0.00113284
269	0.00112889
270	0.00112443
271	0.00112059
272	0.00111571
273	0.00111223
274	0.00110698
275	0.00110278
276	0.00109876
277	0.00109498
278	0.00109033
279	0.00108672
280	0.00108202
281	0.00107778
282	0.00107352
283	0.00106978
284	0.00106496
285	0.00106134
286	0.00105761
287	0.00105332
288	0.00104918
289	0.00104462
290	0.00104002
291	0.0010368
292	0.00103239
293	0.00102803
294	0.00102412
295	0.00102076
296	0.00101514
297	0.00101144
298	0.00100738
299	0.00100337
300	0.000998599
301	0.000994495
302	0.00098974
303	0.000985448
304	0.000980543
305	0.000975948
306	0.000971196
307	0.000965985
308	0.000961463
309	0.000955403
310	0.000950373
311	0.000945101
312	0.000939393
313	0.000933276
314	0.000927448
315	0.000920894
316	0.000915024
317	0.000909172
318	0.000903011
319	0.000896392
320	0.000890088
321	0.000883565
322	0.000876483
323	0.000869933
324	0.000862981
325	0.00085601
326	0.000848813
327	0.000841885
328	0.000834611
329	0.000826788
330	0.000818598
331	0.000811033
332	0.000803022
333	0.000795393
334	0.00078748
335	0.000779159
336	0.000771282
337	0.000763301
338	0.000754657
339	0.00074652
340	0.000738173
341	0.000730186
342	0.000721937
343	0.00071351
344	0.000705274
345	0.000697207
346	0.000688741
347	0.000680918
348	0.000671976
349	0.000663334
350	0.000655057
351	0.000646653
352	0.000638091
353	0.000630339
354	0.000621823
355	0.000613914
356	0.000605485
357	0.000598064
358	0.000589091
359	0.000580639
360	0.000572478
361	0.000564684
362	0.000556609
363	0.000548489
364	0.000539924
365	0.000531846
366	0.000523172
367	0.000515157
368	0.000506199
369	0.000497687
370	0.00048891
371	0.000480586
372	0.000471822
373	0.000463275
374	0.00045426
375	0.000445731
376	0.000437081
377	0.000428558
378	0.000419397
379	0.000411213
380	0.000402772
381	0.000394429
382	0.000386395
383	0.000378484
384	0.000370533
385	0.000363012
386	0.000355616
387	0.000348222
388	0.000341191
389	0.000334431
390	0.000327935
391	0.000321581
392	0.000315319
393	0.000309232
394	0.000303546
395	0.000297795
396	0.000292324
397	0.000286852
398	0.000281467
399	0.000276265
400	0.000271135
401	0.000266347
402	0.000261436
403	0.000256683
404	0.000252022
405	0.000247527
406	0.000243043
407	0.000238918
408	0.000234829
409	0.000230538
410	0.000226471
411	0.000222377
412	0.000218442
413	0.000214612
414	0.000210905
415	0.000207345
416	0.000203647
417	0.0002001
418	0.000196577
419	0.000193146
420	0.000189755
421	0.00018658
422	0.000183273
423	0.00018013
424	0.000176969
425	0.000173905
426	0.000170982
427	0.000167942
428	0.0001651
429	0.000162222
430	0.00015942
431	0.000156682
432	0.000153942
433	0.000151267
434	0.000148576
435	0.000145975
436	0.000143372
437	0.000140832
438	0.000138385
439	0.000135871
440	0.000133426
441	0.000130945
442	0.000128572
443	0.000126168
444	0.000123858
445	0.000121466
446	0.000119141
447	0.000116903
448	0.000114528
449	0.000112355
450	0.000110047
451	0.000107882
452	0.000105621
453	0.000103389
454	0.000101331
455	9.92093e-05
456	9.7074e-05
457	9.5026e-05
458	9.29762e-05
459	9.09454e-05
460	8.89624e-05
461	8.7004e-05
