1	0.4
2	0.49
3	0.59
4	0.69
5	0.79
6	0.91
7	1.01
8	1.1
9	1.19
10	1.3
11	1.4
12	1.51
13	1.61
14	1.7
15	1.8
16	1.9
17	1.99
18	2.09
19	2.19
20	2.28
21	2.38
22	2.48
23	2.57
24	2.67
25	2.76
26	2.86
27	2.95
28	3.03
29	3.13
30	3.22
31	3.31
32	3.4
33	3.5
34	3.57
35	3.66
36	3.74
37	3.82
38	3.91
39	4
40	4.07
41	4.16
42	4.23
43	4.3
44	4.39
45	4.46
46	4.54
47	4.61
48	4.69
49	4.77
50	4.85
51	4.91
52	4.99
53	5.05
54	5.12
55	5.2
56	5.28
57	5.34
58	5.4
59	5.48
60	5.55
61	5.62
62	5.69
63	5.76
64	5.83
65	5.91
66	5.99
67	6.08
68	6.15
69	6.22
70	6.31
71	6.39
72	6.46
73	6.55
74	6.63
75	6.71
76	6.79
77	6.87
78	6.95
79	7.03
80	7.11
81	7.19
82	7.28
83	7.35
84	7.43
85	7.52
86	7.59
87	7.68
88	7.76
89	7.84
90	7.93
91	8.01
92	8.09
93	8.17
94	8.24
95	8.32
96	8.39
97	8.47
98	8.54
99	8.63
100	8.8
101	9.28
102	9.35
103	9.42
104	9.49
105	9.57
106	9.64
107	9.71
108	9.79
109	9.86
110	9.93
111	10.01
112	10.08
113	10.15
114	10.22
115	10.29
116	10.36
117	10.44
118	10.51
119	10.59
120	10.66
121	10.73
122	10.8
123	10.88
124	10.95
125	11.02
126	11.09
127	11.17
128	11.24
129	11.32
130	11.4
131	11.47
132	11.55
133	11.63
134	11.71
135	11.78
136	11.86
137	11.93
138	12.01
139	12.08
140	12.16
141	12.24
142	12.32
143	12.4
144	12.47
145	12.55
146	12.63
147	12.71
148	12.78
149	12.86
150	12.94
151	13.01
152	13.1
153	13.17
154	13.25
155	13.33
156	13.4
157	13.47
158	13.55
159	13.62
160	13.7
161	13.77
162	13.85
163	13.92
164	14
165	14.08
166	14.15
167	14.22
168	14.3
169	14.38
170	14.45
171	14.52
172	14.6
173	14.68
174	14.76
175	14.83
176	14.92
177	15
178	15.08
179	15.16
180	15.24
181	15.32
182	15.4
183	15.49
184	15.58
185	15.66
186	15.74
187	15.83
188	15.91
189	15.98
190	16.06
191	16.14
192	16.22
193	16.31
194	16.39
195	16.48
196	16.55
197	16.64
198	16.72
199	16.8
200	16.99
201	17.1
202	17.18
203	17.26
204	17.34
205	17.42
206	17.5
207	17.58
208	17.66
209	17.74
210	17.83
211	17.9
212	17.99
213	18.06
214	18.14
215	18.22
216	18.3
217	18.38
218	18.46
219	18.54
220	18.62
221	18.7
222	18.78
223	18.86
224	18.94
225	19.02
226	19.12
227	19.2
228	19.28
229	19.36
230	19.44
231	19.52
232	19.6
233	19.68
234	19.76
235	19.84
236	19.92
237	20
238	20.08
239	20.16
240	20.25
241	20.33
242	20.42
243	20.49
244	20.57
245	20.65
246	20.73
247	20.81
248	20.9
249	20.98
250	21.06
251	21.14
252	21.22
253	21.3
254	21.38
255	21.47
256	21.54
257	21.62
258	21.7
259	21.79
260	21.87
261	21.95
262	22.03
263	22.11
264	22.19
265	22.27
266	22.36
267	22.44
268	22.52
269	22.6
270	22.68
271	22.76
272	22.84
273	22.92
274	23.01
275	23.09
276	23.17
277	23.25
278	23.34
279	23.43
280	23.51
281	23.59
282	23.67
283	23.75
284	23.84
285	23.92
286	24.02
287	24.09
288	24.18
289	24.27
290	24.36
291	24.44
292	24.52
293	24.61
294	24.69
295	24.78
296	24.87
297	24.95
298	25.03
299	25.11
300	25.3
301	25.41
302	25.49
303	25.58
304	25.66
305	25.75
306	25.83
307	25.91
308	25.99
309	26.08
310	26.16
311	26.24
312	26.34
313	26.42
314	26.5
315	26.58
316	26.67
317	26.76
318	26.85
319	26.94
320	27.02
321	27.11
322	27.2
323	27.29
324	27.38
325	27.47
326	27.56
327	27.65
328	27.74
329	27.83
330	27.92
331	28.02
332	28.11
333	28.21
334	28.31
335	28.39
336	28.49
337	28.59
338	28.69
339	28.78
340	28.87
341	28.97
342	29.06
343	29.15
344	29.25
345	29.35
346	29.44
347	29.53
348	29.63
349	29.72
350	29.81
351	29.91
352	30.01
353	30.1
354	30.19
355	30.28
356	30.37
357	30.47
358	30.56
359	30.65
360	30.74
361	30.84
362	30.93
363	31.02
364	31.11
365	31.19
366	31.29
367	31.38
368	31.46
369	31.55
370	31.63
371	31.72
372	31.81
373	31.9
374	31.99
375	32.08
376	32.17
377	32.26
378	32.36
379	32.45
380	32.54
381	32.64
382	32.73
383	32.83
384	32.93
385	33.03
386	33.13
387	33.23
388	33.32
389	33.42
390	33.52
391	33.63
392	33.73
393	33.83
394	33.93
395	34.03
396	34.13
397	34.23
398	34.32
399	34.42
400	34.61
401	34.74
402	34.83
403	34.93
404	35.03
405	35.13
406	35.23
407	35.33
408	35.43
409	35.53
410	35.63
411	35.72
412	35.82
413	35.91
414	36
415	36.1
416	36.2
417	36.29
418	36.38
419	36.48
420	36.58
421	36.67
422	36.76
423	36.85
424	36.94
425	37.03
426	37.12
427	37.21
428	37.3
429	37.39
430	37.47
431	37.56
432	37.64
433	37.74
434	37.83
435	37.92
436	38.01
437	38.1
438	38.19
439	38.29
440	38.38
441	38.47
442	38.57
443	38.66
444	38.76
445	38.85
446	38.94
447	39.05
448	39.14
449	39.24
450	39.34
451	39.44
452	39.53
453	39.64
454	39.74
455	39.83
456	39.93
457	40.03
458	40.13
459	40.23
460	40.33
461	40.43
