1	1
2	0.593946
3	0.298939
4	0.154745
5	0.0943404
6	0.0778821
7	0.0583525
8	0.0505213
9	0.0464031
10	0.0411223
11	0.0438891
12	0.0421558
13	0.0387942
14	0.0359999
15	0.03344
16	0.0336227
17	0.0341948
18	0.0325539
19	0.031166
20	0.0295194
21	0.0282515
22	0.0280158
23	0.0274728
24	0.0264115
25	0.0255461
26	0.0246478
27	0.0238848
28	0.023383
29	0.0226046
30	0.0219182
31	0.021228
32	0.0205761
33	0.0200449
34	0.0195852
35	0.0189471
36	0.0184677
37	0.0179394
38	0.017498
39	0.0170755
40	0.0167124
41	0.0163472
42	0.0159441
43	0.0155861
44	0.0152826
45	0.0150142
46	0.0147115
47	0.0144579
48	0.0142069
49	0.0139422
50	0.0137229
51	0.0135265
52	0.0133172
53	0.0131044
54	0.0129283
55	0.0127519
56	0.0125616
57	0.0124119
58	0.0122841
59	0.0120993
60	0.0119521
61	0.0118284
62	0.0116941
63	0.0115783
64	0.0114402
65	0.011341
66	0.0112181
67	0.0111061
68	0.0110118
69	0.0108951
70	0.010784
71	0.010702
72	0.0106024
73	0.0105162
74	0.0104311
75	0.0103432
76	0.0102753
77	0.0101854
78	0.0100929
79	0.0100371
80	0.00995894
81	0.00989871
82	0.00983844
83	0.0097785
84	0.00971688
85	0.00967524
86	0.00961345
87	0.00955108
88	0.00950062
89	0.00946173
90	0.00940948
91	0.00936183
92	0.00932979
93	0.0092694
94	0.00924065
95	0.00921388
96	0.00917489
97	0.00913888
98	0.00910383
99	0.0090814
100	0.00905393
101	0.00903091
102	0.00900589
103	0.00897842
104	0.00896264
105	0.00892527
106	0.00890168
107	0.00887277
108	0.00884135
109	0.00882466
110	0.00880685
111	0.00877895
112	0.00875613
113	0.0087323
114	0.00872139
115	0.00870063
116	0.00867811
117	0.00865323
118	0.00863291
119	0.00861562
120	0.00859371
121	0.0085635
122	0.00856
123	0.00853824
124	0.00852764
125	0.00850131
126	0.00848313
127	0.00845541
128	0.00845373
129	0.00843748
130	0.00843095
131	0.00841502
132	0.00840257
133	0.0083839
134	0.00837643
135	0.00836142
136	0.00834644
137	0.00833302
138	0.00831661
139	0.00829545
140	0.0082826
141	0.00826445
142	0.00824888
143	0.00821511
144	0.00819121
145	0.00817452
146	0.00815433
147	0.008139
148	0.00811067
149	0.00810245
150	0.00808701
151	0.00805004
152	0.00803278
153	0.00799996
154	0.00797049
155	0.0079449
156	0.00791199
157	0.00788319
158	0.00785801
159	0.00782945
160	0.00779588
161	0.00776016
162	0.00772891
163	0.00768964
164	0.00766594
165	0.00763186
166	0.00759085
167	0.00756072
168	0.00753079
169	0.00749331
170	0.00745568
171	0.00742217
172	0.00739532
173	0.00735763
174	0.00732878
175	0.00729585
176	0.00726224
177	0.00722807
178	0.00718908
179	0.00716276
180	0.00712464
181	0.00709
182	0.00706197
183	0.00702518
184	0.00699223
185	0.0069609
186	0.00692697
187	0.00689403
188	0.00685707
189	0.00683256
190	0.00679198
191	0.00677261
192	0.0067272
193	0.00670178
194	0.00666804
195	0.0066389
196	0.0066094
197	0.00657517
198	0.00654967
199	0.0065108
200	0.00647958
201	0.00644856
202	0.00641366
203	0.00638641
204	0.00635143
205	0.00632505
206	0.00629408
207	0.00626055
208	0.00622911
209	0.0061983
210	0.00617222
211	0.00613997
212	0.00611005
213	0.00607879
214	0.00604671
215	0.00601731
216	0.00599078
217	0.00596024
218	0.00593057
219	0.00590006
220	0.00587418
221	0.00584713
222	0.00581963
223	0.00578906
224	0.00576633
225	0.00573644
226	0.00570743
227	0.00568043
228	0.00565435
229	0.00562757
230	0.00560082
231	0.00557877
232	0.00554871
233	0.00552321
234	0.0054964
235	0.00547126
236	0.00544405
237	0.00541659
238	0.00539321
239	0.00536767
240	0.00534172
241	0.00531701
242	0.00528874
243	0.00526553
244	0.00524219
245	0.00521724
246	0.00518909
247	0.00516344
248	0.00513907
249	0.00511243
250	0.00508723
251	0.00505663
252	0.0050387
253	0.00500769
254	0.0049863
255	0.00495582
256	0.0049336
257	0.00490721
258	0.00488833
259	0.004858
260	0.00483742
261	0.00480846
262	0.00478595
263	0.0047606
264	0.00473548
265	0.00471238
266	0.00468555
267	0.00466353
268	0.00464112
269	0.00461709
270	0.00459058
271	0.00456632
272	0.00454167
273	0.00452002
274	0.00449493
275	0.0044705
276	0.0044443
277	0.00442083
278	0.00440004
279	0.00437525
280	0.00435222
281	0.00432954
282	0.00430557
283	0.00428287
284	0.00425958
285	0.00423752
286	0.00421273
287	0.00419276
288	0.00416734
289	0.00414739
290	0.00412307
291	0.00410262
292	0.00407985
293	0.00405772
294	0.00403603
295	0.0040139
296	0.00399275
297	0.00397093
298	0.00394584
299	0.00392662
300	0.00390362
301	0.0038829
302	0.00386472
303	0.00384073
304	0.00381997
305	0.00379973
306	0.00377854
307	0.00375665
308	0.00373628
309	0.00371405
310	0.00369255
311	0.00366896
312	0.00364756
313	0.00362453
314	0.00360247
315	0.00357876
316	0.00355543
317	0.00353032
318	0.00350623
319	0.00348217
320	0.0034562
321	0.00343132
322	0.00340661
323	0.00338031
324	0.00335328
325	0.00332588
326	0.00329852
327	0.00327272
328	0.00324479
329	0.00321662
330	0.00318882
331	0.00316023
332	0.00313123
333	0.0031016
334	0.00307251
335	0.0030428
336	0.00301305
337	0.00298258
338	0.00295413
339	0.00292292
340	0.00289276
341	0.00286157
342	0.00283255
343	0.00280138
344	0.0027722
345	0.00274361
346	0.00271356
347	0.00268254
348	0.00265456
349	0.00262373
350	0.00259525
351	0.00256639
352	0.00253835
353	0.00251052
354	0.00248369
355	0.00245558
356	0.00242806
357	0.00240078
358	0.00237489
359	0.00234925
360	0.00232351
361	0.00229955
362	0.00227723
363	0.00225309
364	0.00223052
365	0.00221021
366	0.00218869
367	0.0021683
368	0.00215024
369	0.00213211
370	0.00211281
371	0.00209399
372	0.00207598
373	0.00205706
374	0.00203864
375	0.00201964
376	0.00200013
377	0.00197867
378	0.00195743
379	0.00193502
380	0.00191354
381	0.00189133
382	0.00186809
383	0.00184478
384	0.0018208
385	0.00179636
386	0.00177309
387	0.00174907
388	0.00172466
389	0.00170052
390	0.00167618
391	0.00165139
392	0.00162713
393	0.00160396
394	0.00157984
395	0.00155637
396	0.00153267
397	0.00150882
398	0.00148583
399	0.00146345
400	0.0014396
401	0.00141635
402	0.00139405
403	0.00137097
404	0.00134871
405	0.00132678
406	0.00130462
407	0.00128274
408	0.00126111
409	0.00124037
410	0.00121935
411	0.00119887
412	0.0011786
413	0.00115869
414	0.00113877
415	0.00111879
416	0.00109895
417	0.00108025
418	0.00106149
419	0.00104278
420	0.00102453
421	0.0010063
422	0.000988937
423	0.000970919
424	0.000953383
425	0.000936465
426	0.000920005
427	0.000903
428	0.000886749
429	0.000870664
430	0.000854894
431	0.000839876
432	0.000824185
433	0.000809034
434	0.000794183
435	0.000779644
436	0.000764857
437	0.000750527
438	0.000736267
439	0.000722209
440	0.000708623
441	0.000695121
442	0.000681699
443	0.000668251
444	0.000655096
445	0.000642027
446	0.00062894
447	0.000616623
448	0.000604144
449	0.000591759
450	0.000579504
451	0.000567642
452	0.000555961
453	0.000544472
454	0.000532767
455	0.000521532
456	0.00051038
457	0.000499285
458	0.000488584
459	0.000477875
460	0.000467219
461	0.000456749
