1	0.0296233
2	0.0139687
3	0.00836345
4	0.00514206
5	0.00263623
6	0.00184678
7	0.00157556
8	0.00133419
9	0.00127817
10	0.00110577
11	0.00107583
12	0.001033
13	0.000990812
14	0.000952581
15	0.000922837
16	0.000915703
17	0.000903174
18	0.000869108
19	0.000844402
20	0.000802941
21	0.000774271
22	0.000771597
23	0.000753169
24	0.000723276
25	0.000702818
26	0.000686269
27	0.000666651
28	0.00065316
29	0.000626605
30	0.00061355
31	0.000596804
32	0.000577054
33	0.000560173
34	0.000547077
35	0.000528877
36	0.000517297
37	0.000501344
38	0.000489324
39	0.000477999
40	0.000466745
41	0.000458421
42	0.000446895
43	0.000437087
44	0.000428575
45	0.000421637
46	0.000413646
47	0.000406966
48	0.000400881
49	0.000393335
50	0.000388578
51	0.000383979
52	0.00037824
53	0.000372453
54	0.000368985
55	0.00036399
56	0.000358615
57	0.000355096
58	0.000352676
59	0.000347831
60	0.000344343
61	0.000341628
62	0.000338326
63	0.000335534
64	0.000332621
65	0.000330813
66	0.000327638
67	0.000325228
68	0.000324185
69	0.000320712
70	0.000318447
71	0.000316672
72	0.000314161
73	0.000312691
74	0.000310921
75	0.000309345
76	0.000307945
77	0.000305423
78	0.000303544
79	0.000302536
80	0.000301216
81	0.00029934
82	0.000298131
83	0.000297154
84	0.000295531
85	0.000294783
86	0.00029311
87	0.000291757
88	0.000290375
89	0.000290196
90	0.000288161
91	0.000287051
92	0.000286708
93	0.000284899
94	0.000284076
95	0.000283342
96	0.000282197
97	0.000280988
98	0.000280082
99	0.000279482
100	0.000278687
101	0.000278282
102	0.000277884
103	0.000276701
104	0.000276462
105	0.00027555
106	0.000274641
107	0.000273971
108	0.000272837
109	0.000272482
110	0.000272411
111	0.000271688
112	0.000271106
113	0.000270357
114	0.000270519
115	0.000269928
116	0.000269564
117	0.000268846
118	0.000268522
119	0.000268345
120	0.000267629
121	0.000266837
122	0.000266966
123	0.000266624
124	0.000266926
125	0.000265924
126	0.000265901
127	0.000264915
128	0.00026537
129	0.000265033
130	0.000264959
131	0.000264626
132	0.00026449
133	0.000263787
134	0.000263776
135	0.000263839
136	0.000263268
137	0.000263358
138	0.000262801
139	0.000262727
140	0.000262641
141	0.000262763
142	0.000262641
143	0.000261322
144	0.000260983
145	0.000260881
146	0.000260902
147	0.000261204
148	0.000260629
149	0.000260993
150	0.000261241
151	0.000260292
152	0.000260501
153	0.000259764
154	0.000259111
155	0.000258919
156	0.000258251
157	0.000257965
158	0.000257717
159	0.000257333
160	0.000256849
161	0.000256305
162	0.000255825
163	0.000254632
164	0.000254759
165	0.000254259
166	0.000253199
167	0.000252729
168	0.000252467
169	0.00025139
170	0.000250862
171	0.000250227
172	0.000250187
173	0.000248953
174	0.000249003
175	0.000248127
176	0.000248154
177	0.000246915
178	0.000246208
179	0.000245896
180	0.000245258
181	0.00024423
182	0.000244026
183	0.000242995
184	0.000242387
185	0.000241571
186	0.000241149
187	0.000240421
188	0.00023948
189	0.000239293
190	0.000238024
191	0.000238172
192	0.000236656
193	0.000236483
194	0.000235383
195	0.000235198
196	0.000234397
197	0.000233498
198	0.000232984
199	0.000232003
200	0.000231332
201	0.000230605
202	0.000229651
203	0.00022902
204	0.000228311
205	0.0002278
206	0.000226892
207	0.00022609
208	0.000225372
209	0.000224701
210	0.000223832
211	0.000223233
212	0.000222194
213	0.000221558
214	0.00022055
215	0.000219944
216	0.00021922
217	0.000218626
218	0.000217734
219	0.00021686
220	0.000216094
221	0.000215421
222	0.000214701
223	0.000213677
224	0.000213296
225	0.000212568
226	0.000211482
227	0.00021081
228	0.00021028
229	0.000209213
230	0.000208644
231	0.000208131
232	0.000207124
233	0.000206401
234	0.000205609
235	0.000204839
236	0.000203958
237	0.000203281
238	0.000202571
239	0.000201649
240	0.000201041
241	0.000199992
242	0.0001993
243	0.000198711
244	0.000197938
245	0.000197327
246	0.000196169
247	0.000195838
248	0.000194425
249	0.000193903
250	0.000193004
251	0.000191963
252	0.000191295
253	0.000190367
254	0.000189515
255	0.000188401
256	0.000187819
257	0.000186591
258	0.00018626
259	0.000185074
260	0.000184372
261	0.000183212
262	0.000182507
263	0.000181596
264	0.000180679
265	0.000179897
266	0.000178904
267	0.000178042
268	0.000177263
269	0.000176391
270	0.000175545
271	0.000174642
272	0.000173507
273	0.000172926
274	0.000171917
275	0.000171125
276	0.000169847
277	0.0001692
278	0.000168223
279	0.000167537
280	0.000166583
281	0.000165811
282	0.000164753
283	0.000164002
284	0.000162953
285	0.000162238
286	0.000161243
287	0.000160536
288	0.000159322
289	0.000158649
290	0.000157631
291	0.000157032
292	0.000155937
293	0.000155267
294	0.000154216
295	0.000153534
296	0.000152549
297	0.000151804
298	0.0001508
299	0.000149972
300	0.000149165
301	0.000148231
302	0.000147775
303	0.000146514
304	0.000145894
305	0.000145081
306	0.000144331
307	0.000143291
308	0.000142582
309	0.000141821
310	0.000140948
311	0.000140072
312	0.000139128
313	0.000138411
314	0.000137719
315	0.000136841
316	0.000135967
317	0.000134994
318	0.000134134
319	0.000133392
320	0.00013231
321	0.00013162
322	0.000130831
323	0.000129823
324	0.000129174
325	0.000128171
326	0.000127271
327	0.000126529
328	0.000125521
329	0.000124659
330	0.000123826
331	0.000123005
332	0.000122073
333	0.000120974
334	0.000120319
335	0.000119253
336	0.000118331
337	0.000117442
338	0.000116542
339	0.000115584
340	0.000114616
341	0.000113718
342	0.000112979
343	0.000112013
344	0.00011108
345	0.000110219
346	0.000109287
347	0.000108382
348	0.000107392
349	0.000106484
350	0.00010564
351	0.000104776
352	0.000103891
353	0.000103034
354	0.000102202
355	0.000101289
356	0.000100471
357	9.95756e-05
358	9.89604e-05
359	9.81573e-05
360	9.74959e-05
361	9.66069e-05
362	9.60216e-05
363	9.52981e-05
364	9.46656e-05
365	9.41406e-05
366	9.35723e-05
367	9.28201e-05
368	9.2211e-05
369	9.16684e-05
370	9.12178e-05
371	9.07812e-05
372	9.01045e-05
373	8.95121e-05
374	8.91082e-05
375	8.85692e-05
376	8.78985e-05
377	8.72091e-05
378	8.65971e-05
379	8.58831e-05
380	8.52458e-05
381	8.46635e-05
382	8.39117e-05
383	8.32379e-05
384	8.23992e-05
385	8.18047e-05
386	8.09283e-05
387	8.01867e-05
388	7.937e-05
389	7.85047e-05
390	7.7557e-05
391	7.67473e-05
392	7.56622e-05
393	7.49719e-05
394	7.40121e-05
395	7.30164e-05
396	7.20944e-05
397	7.11127e-05
398	7.03374e-05
399	6.93908e-05
400	6.8309e-05
401	6.74413e-05
402	6.64761e-05
403	6.53959e-05
404	6.46782e-05
405	6.36254e-05
406	6.26338e-05
407	6.17615e-05
408	6.08576e-05
409	5.99783e-05
410	5.91104e-05
411	5.84366e-05
412	5.79313e-05
413	5.69595e-05
414	5.60826e-05
415	5.52262e-05
416	5.37366e-05
417	5.28629e-05
418	5.18795e-05
419	5.10464e-05
420	5.02528e-05
421	4.91336e-05
422	4.83091e-05
423	4.71024e-05
424	4.6351e-05
425	4.55108e-05
426	4.47273e-05
427	4.3894e-05
428	4.29954e-05
429	4.21392e-05
430	4.13336e-05
431	4.06059e-05
432	3.99435e-05
433	3.91731e-05
434	3.84099e-05
435	3.76424e-05
436	3.69236e-05
437	3.62661e-05
438	3.5697e-05
439	3.49192e-05
440	3.42807e-05
441	3.352e-05
442	3.28364e-05
443	3.22449e-05
444	3.16096e-05
445	3.0914e-05
446	3.02554e-05
447	2.97169e-05
448	2.91261e-05
449	2.85075e-05
450	2.79327e-05
451	2.74859e-05
452	2.68696e-05
453	2.64381e-05
454	2.57706e-05
455	2.52278e-05
456	2.46982e-05
457	2.41324e-05
458	2.37092e-05
459	2.31779e-05
460	2.26531e-05
461	2.21852e-05
