1	1
2	0.0758071
3	0.0577087
4	0.192831
5	0.0923103
6	0.0838062
7	0.490833
8	0.0918123
9	0.102047
10	0.439811
11	0.112957
12	0.148728
13	0.248883
14	0.121392
15	0.176654
16	0.262138
17	0.166779
18	0.287161
19	0.194103
20	0.159791
21	0.259991
22	0.266442
23	0.246218
24	0.390265
25	0.189224
26	0.19026
27	0.279339
28	0.302558
29	0.341979
30	0.218786
31	0.171078
32	0.181946
33	0.214958
34	0.229255
35	0.190081
36	0.152487
37	0.139802
38	0.140565
39	0.144939
40	0.140126
41	0.125672
42	0.114268
43	0.110304
44	0.109824
45	0.108459
46	0.104133
47	0.0992889
48	0.0957191
49	0.0936163
50	0.0925377
51	0.0906481
52	0.0885667
53	0.0866782
54	0.0842972
55	0.0834432
56	0.0813263
57	0.0806903
58	0.0782495
59	0.0779206
60	0.0756402
61	0.0749646
62	0.0733579
63	0.0719021
64	0.0712679
65	0.0695901
66	0.0687399
67	0.0677817
68	0.0659677
69	0.0650211
70	0.0645959
71	0.0632428
72	0.0622518
73	0.0617597
74	0.0603629
75	0.0594308
76	0.0590851
77	0.0582421
78	0.0571214
79	0.0567185
80	0.0564174
81	0.055206
82	0.0548844
83	0.0550419
84	0.0540427
85	0.053518
86	0.0538344
87	0.0530403
88	0.0525787
89	0.0531935
90	0.0523912
91	0.0518545
92	0.0525136
93	0.0517831
94	0.0515646
95	0.0521763
96	0.0513233
97	0.0515092
98	0.0518145
99	0.0508034
100	0.0516605
101	0.0515526
102	0.0507586
103	0.0516939
104	0.050985
105	0.0512469
106	0.0516394
107	0.0508128
108	0.0516384
109	0.0511807
110	0.0512729
111	0.0515625
112	0.0510491
113	0.0516301
114	0.0511906
115	0.051445
116	0.0513814
117	0.0512761
118	0.0515825
119	0.0510517
120	0.0515455
121	0.0509613
122	0.0514748
123	0.0511929
124	0.0512821
125	0.0512983
126	0.0509478
127	0.0512882
128	0.0506795
129	0.0511396
130	0.0505081
131	0.0510693
132	0.0504088
133	0.0506769
134	0.0503023
135	0.0504001
136	0.0502206
137	0.0502009
138	0.0498634
139	0.049683
140	0.0495508
141	0.0493484
142	0.0492291
143	0.0488152
144	0.0487398
145	0.0483882
146	0.0483976
147	0.0479172
148	0.0478842
149	0.0474201
150	0.0475326
151	0.0472353
152	0.0473229
153	0.0469665
154	0.0470082
155	0.0466464
156	0.0467227
157	0.0464937
158	0.0463079
159	0.046335
160	0.0458142
161	0.045811
162	0.0453034
163	0.0454975
164	0.0447222
165	0.0451821
166	0.0441287
167	0.0447293
168	0.043719
169	0.0441295
170	0.0434828
171	0.0434978
172	0.0431553
173	0.0427453
174	0.0426886
175	0.0419397
176	0.0421743
177	0.0410892
178	0.041548
179	0.040713
180	0.0408748
181	0.040381
182	0.0400831
183	0.0399376
184	0.0391109
185	0.0392701
186	0.038377
187	0.0385558
188	0.0380058
189	0.0377975
190	0.037521
191	0.0368746
192	0.036936
193	0.036266
194	0.0362512
195	0.0358324
196	0.035448
197	0.0352258
198	0.0346568
199	0.0347138
200	0.0342235
201	0.0339935
202	0.0336685
203	0.0330582
204	0.0331086
205	0.0327231
206	0.0323572
207	0.0321583
208	0.0316823
209	0.0315337
210	0.031223
211	0.031016
212	0.0306978
213	0.0302744
214	0.0302172
215	0.0298359
216	0.029615
217	0.0294278
218	0.0291541
219	0.0288875
220	0.0286909
221	0.028359
222	0.0281593
223	0.0278874
224	0.0277071
225	0.0275406
226	0.0271745
227	0.027047
228	0.0268465
229	0.0264972
230	0.0263205
231	0.0261313
232	0.0259022
233	0.0257326
234	0.0254455
235	0.0252777
236	0.0250561
237	0.0248361
238	0.0246994
239	0.024651
240	0.0244453
241	0.0241726
242	0.0241194
243	0.0239975
244	0.0238355
245	0.0236886
246	0.0235734
247	0.0234479
248	0.0233324
249	0.0232227
250	0.0231639
251	0.0230552
252	0.0229526
253	0.0229147
254	0.0228297
255	0.0227888
256	0.0228066
257	0.0226309
258	0.022626
259	0.0226688
260	0.0226577
261	0.0225968
262	0.0226066
263	0.0226
264	0.0226448
265	0.0226342
266	0.0226254
267	0.0226693
268	0.0227263
269	0.0227363
270	0.0228079
271	0.0228097
272	0.0228143
273	0.0228434
274	0.0230068
275	0.0229527
276	0.0229306
277	0.0229478
278	0.0230208
279	0.023029
280	0.0230142
281	0.0229773
282	0.0230303
283	0.0230829
284	0.0230803
285	0.0230127
286	0.0229809
287	0.023018
288	0.0230784
289	0.0230774
290	0.0229917
291	0.0228644
292	0.0228429
293	0.0229624
294	0.0229931
295	0.0229411
296	0.0228464
297	0.0228568
298	0.0229341
299	0.0228999
300	0.0228274
301	0.0226694
302	0.0225727
303	0.0225507
304	0.022479
305	0.0223203
306	0.022118
307	0.0219156
308	0.0218031
309	0.0216861
310	0.0215169
311	0.0212909
312	0.0210544
313	0.0208847
314	0.0207506
315	0.0205899
316	0.0203638
317	0.0201439
318	0.0199153
319	0.0197204
320	0.0195513
321	0.0193306
322	0.0190589
323	0.0188272
324	0.0185812
325	0.0183549
326	0.0181497
327	0.0178946
328	0.017615
329	0.0173313
330	0.0170396
331	0.0167772
332	0.01655
333	0.016352
334	0.0160981
335	0.0157755
336	0.0155023
337	0.0152546
338	0.0150429
339	0.0148497
340	0.0146664
341	0.0144909
342	0.0142788
343	0.0141026
344	0.0138779
345	0.0137284
346	0.01358
347	0.0134068
348	0.0132622
349	0.0131017
350	0.0129092
351	0.0126919
352	0.0124694
353	0.0122312
354	0.0119959
355	0.0117616
356	0.0115688
357	0.0113632
358	0.0111463
359	0.010933
360	0.0106676
361	0.0103835
362	0.0100883
363	0.00975414
364	0.00941729
365	0.00905625
366	0.00872307
367	0.00840649
368	0.00810867
369	0.00783213
370	0.00756046
371	0.00726801
372	0.00703183
373	0.00676023
374	0.0066046
375	0.00646452
376	0.00633777
377	0.00627088
378	0.00621318
379	0.00617307
380	0.00609183
381	0.00607953
382	0.00601768
383	0.00596587
384	0.0059244
385	0.00587744
386	0.00580887
387	0.00574878
388	0.00568443
389	0.00560495
390	0.00552053
391	0.00540322
392	0.00530712
393	0.00522919
394	0.00513206
395	0.00502764
396	0.00492622
397	0.00485261
398	0.0047588
399	0.00469932
400	0.00461239
401	0.00453655
402	0.0044508
403	0.0043966
404	0.00432517
405	0.0042662
406	0.00421514
407	0.00416206
408	0.00409859
409	0.00405555
410	0.00401037
411	0.003963
412	0.00392423
413	0.00387382
414	0.00382768
415	0.00378405
416	0.00375406
417	0.00371575
418	0.00367728
419	0.00361953
420	0.00356161
421	0.0035097
422	0.0034701
423	0.00341851
424	0.00336639
425	0.00330107
426	0.0032472
427	0.00318965
428	0.00316218
429	0.00310588
430	0.00305742
431	0.00299431
432	0.00294872
433	0.00288533
434	0.00284132
435	0.00278651
436	0.00274284
437	0.00268389
438	0.00264106
439	0.00259035
440	0.00255511
441	0.00250213
442	0.0024568
443	0.00239977
444	0.00236459
445	0.00231796
446	0.00229022
447	0.00225394
448	0.00221921
449	0.00217661
450	0.00214868
451	0.00211819
452	0.00208488
453	0.00203692
454	0.00201377
455	0.00197982
456	0.00195438
457	0.00191658
458	0.0018881
459	0.00185234
460	0.00182466
461	0.00178514
