1	0.0177791
2	0.00660431
3	0.0238978
4	0.0176551
5	0.00687684
6	0.03
7	0.0185131
8	0.0221565
9	0.0237666
10	0.0185434
11	0.0698221
12	0.0259415
13	0.0166212
14	0.0379532
15	0.0219769
16	0.0156953
17	0.0277161
18	0.0209822
19	0.0127266
20	0.0265972
21	0.0206851
22	0.0158056
23	0.020014
24	0.0163641
25	0.0101885
26	0.021638
27	0.017834
28	0.0169792
29	0.0146155
30	0.0130683
31	0.0140399
32	0.0189046
33	0.0168576
34	0.0108325
35	0.00941055
36	0.0078204
37	0.00980851
38	0.0136418
39	0.00657711
40	0.00673465
41	0.00644662
42	0.00467619
43	0.00693143
44	0.00639948
45	0.00390197
46	0.00419146
47	0.00474667
48	0.00465422
49	0.0039165
50	0.00437789
51	0.0043228
52	0.00418293
53	0.00391195
54	0.00389684
55	0.00384445
56	0.0035833
57	0.00345294
58	0.00343212
59	0.00348345
60	0.00341739
61	0.00330004
62	0.00318958
63	0.00317715
64	0.00318739
65	0.00320694
66	0.00319673
67	0.00314809
68	0.00308639
69	0.00302043
70	0.00302422
71	0.00301326
72	0.00293305
73	0.00285152
74	0.00279727
75	0.00276257
76	0.00274474
77	0.0027447
78	0.002716
79	0.00265566
80	0.00259844
81	0.00254986
82	0.00253713
83	0.00254477
84	0.00249994
85	0.00243218
86	0.00236259
87	0.00234503
88	0.00233955
89	0.00233305
90	0.00231336
91	0.00227423
92	0.00222712
93	0.00216574
94	0.00215193
95	0.00217786
96	0.00215412
97	0.00212863
98	0.002086
99	0.00205584
100	0.00203369
101	0.00203999
102	0.00207447
103	0.00211119
104	0.00211296
105	0.0020582
106	0.00196657
107	0.00191414
108	0.0019011
109	0.00188472
110	0.00186357
111	0.00185384
112	0.00185674
113	0.00186096
114	0.00189307
115	0.00191394
116	0.00187724
117	0.00187816
118	0.00185176
119	0.00180556
120	0.00176124
121	0.00175836
122	0.00176546
123	0.00175639
124	0.00174435
125	0.00173333
126	0.00170418
127	0.00167633
128	0.00168271
129	0.00167034
130	0.001647
131	0.00161396
132	0.00159485
133	0.00155268
134	0.00150199
135	0.00148869
136	0.00149559
137	0.00149263
138	0.00146938
139	0.00146189
140	0.00142719
141	0.00137811
142	0.00134309
143	0.0013361
144	0.00133285
145	0.00132609
146	0.00133955
147	0.00135682
148	0.0013872
149	0.0014421
150	0.00148787
151	0.00151623
152	0.00152073
153	0.00156473
154	0.00165689
155	0.00171121
156	0.0017414
157	0.00172599
158	0.00173288
159	0.00174617
160	0.00178775
161	0.00180056
162	0.00186578
163	0.00204439
164	0.0021122
165	0.00217126
166	0.00207121
167	0.00206726
168	0.00208682
169	0.00213764
170	0.00220553
171	0.00224649
172	0.0013771
173	0.00138768
174	0.00142569
175	0.00145208
176	0.00217937
177	0.00146476
178	0.00147875
179	0.00151826
180	0.00150771
181	0.00149663
182	0.00150121
183	0.00150794
184	0.00149277
185	0.00147071
186	0.00145807
187	0.00144953
188	0.00145974
189	0.00145024
190	0.00144688
191	0.00144309
192	0.0014424
193	0.00144568
194	0.00144818
195	0.00144839
196	0.00144555
197	0.00143471
198	0.00142931
199	0.00141855
200	0.00142038
201	0.00142789
202	0.00143423
203	0.00144132
204	0.0014536
205	0.0014701
206	0.00148393
207	0.00148973
208	0.00149547
209	0.00150084
210	0.00149182
211	0.00148899
212	0.00149581
213	0.00150888
214	0.00152464
215	0.00154495
216	0.00156486
217	0.00158191
218	0.00115438
219	0.00117941
220	0.00119729
221	0.00119896
222	0.00119786
223	0.00119477
224	0.0011911
225	0.00119239
226	0.00117728
227	0.00115873
228	0.00116106
229	0.00116709
230	0.00115352
231	0.00113272
232	0.00111117
233	0.00111785
234	0.00112204
235	0.00111881
236	0.00110972
237	0.00110249
238	0.00109649
239	0.00109442
240	0.00109217
241	0.00109089
242	0.00108681
243	0.00108489
244	0.00108407
245	0.00108366
246	0.00108425
247	0.00108788
248	0.00109377
249	0.00110192
250	0.00110732
251	0.00111493
252	0.00112313
253	0.00113295
254	0.00114238
255	0.00115293
256	0.00116219
257	0.00117156
258	0.00118018
259	0.00119198
260	0.00120266
261	0.00121292
262	0.00122176
263	0.00123118
264	0.00124172
265	0.00125453
266	0.00126713
267	0.00127632
268	0.00128379
269	0.00129051
270	0.00129685
271	0.00130533
272	0.00131269
273	0.0013175
274	0.00132145
275	0.00131727
276	0.00131783
277	0.0013222
278	0.0013293
279	0.00133576
280	0.00134196
281	0.00134658
282	0.00135321
283	0.00136183
284	0.00137088
285	0.00137789
286	0.00139635
287	0.00141347
288	0.00143149
289	0.00145063
290	0.00147247
291	0.00149536
292	0.00151728
293	0.00153813
294	0.00155854
295	0.00158024
296	0.00160158
297	0.00161997
298	0.00163482
299	0.00164621
300	0.00165391
301	0.00165785
302	0.00166562
303	0.0016738
304	0.00167733
305	0.00168042
306	0.00168115
307	0.00166491
308	0.00166886
309	0.00166529
310	0.00166206
311	0.00167423
312	0.00167034
313	0.00173415
314	0.00176285
315	0.00178148
316	0.00178913
317	0.00179591
318	0.00180403
319	0.00181198
320	0.00181725
321	0.00181841
322	0.00182935
323	0.00182465
324	0.00182019
325	0.00180899
326	0.00179635
327	0.00178447
328	0.00176924
329	0.00157035
330	0.00155617
331	0.00154017
332	0.00152536
333	0.00150657
334	0.00148388
335	0.00146253
336	0.00144619
337	0.00142707
338	0.00141497
339	0.00139506
340	0.00138292
341	0.00137287
342	0.0013674
343	0.00134459
344	0.00132166
345	0.00129731
346	0.00128487
347	0.00125728
348	0.0012221
349	0.0011926
350	0.00115862
351	0.00113569
352	0.00111462
353	0.00109484
354	0.00106817
355	0.00104915
356	0.00102625
357	0.00100396
358	0.000985531
359	0.000967397
360	0.000836952
361	0.000818767
362	0.000803449
363	0.000787203
364	0.000766751
365	0.000745249
366	0.000726521
367	0.000709631
368	0.000693782
369	0.000683058
370	0.000676006
371	0.000673198
372	0.000667164
373	0.000660597
374	0.000655245
375	0.000649579
376	0.000639735
377	0.000631752
378	0.000622326
379	0.000607068
380	0.000593716
381	0.000578582
382	0.000564336
383	0.000574944
384	0.00057668
385	0.00051791
386	0.000512466
387	0.000506848
388	0.000501089
389	0.00049508
390	0.000488633
391	0.000482062
392	0.00047536
393	0.000470015
394	0.00044118
395	0.000434228
396	0.000427104
397	0.00042053
398	0.000414184
399	0.000409536
400	0.000404961
401	0.000399719
402	0.000394383
403	0.000389275
404	0.000384593
405	0.000379954
406	0.000374991
407	0.000370708
408	0.000366467
409	0.000362407
410	0.000358564
411	0.000354918
412	0.000350871
413	0.000346579
414	0.000342007
415	0.000337345
416	0.000333271
417	0.000329274
418	0.000326082
419	0.000322907
420	0.000319255
421	0.000342569
422	0.000338651
423	0.0003349
424	0.00033089
425	0.00032703
426	0.000323129
427	0.000318939
428	0.000314573
429	0.000310111
430	0.000321325
431	0.000305634
432	0.000303881
433	0.000303158
434	0.0003023
435	0.000301432
436	0.000300238
437	0.000299126
438	0.000297625
439	0.000295736
440	0.000293403
441	0.000291414
442	0.000288969
443	0.000286042
444	0.000283224
445	0.000281386
446	0.00027825
447	0.000274594
448	0.000270788
449	0.000247907
450	0.000262696
451	0.000258511
452	0.000254631
453	0.00024991
454	0.00024448
455	0.000239397
456	0.000233346
457	0.00022809
458	0.000222906
459	0.000217753
460	0.000212203
461	0.000205485
