1	0.0427342
2	0.00344321
3	0.0023164
4	0.00830132
5	0.00394054
6	0.0039002
7	0.0237222
8	0.00314512
9	0.00474092
10	0.0200903
11	0.00521182
12	0.00717879
13	0.0118174
14	0.00574267
15	0.00750294
16	0.0125518
17	0.0079426
18	0.0138974
19	0.00959292
20	0.00794363
21	0.0125994
22	0.0132789
23	0.0114162
24	0.0156835
25	0.00598443
26	0.00863116
27	0.0106072
28	0.0135333
29	0.0150365
30	0.0108993
31	0.00708535
32	0.00770353
33	0.00895949
34	0.0114425
35	0.00765654
36	0.00645603
37	0.00532602
38	0.00655855
39	0.0055104
40	0.00590224
41	0.00558798
42	0.00414463
43	0.004772
44	0.00452066
45	0.00351319
46	0.0035871
47	0.00476859
48	0.00465672
49	0.00278838
50	0.00432013
51	0.00431531
52	0.00418835
53	0.0039197
54	0.00387794
55	0.00381155
56	0.00357778
57	0.00343616
58	0.00346337
59	0.00352155
60	0.003418
61	0.00327286
62	0.00318305
63	0.00317252
64	0.00318159
65	0.00319228
66	0.0031752
67	0.00310754
68	0.00304532
69	0.0030013
70	0.00301273
71	0.00298644
72	0.00289522
73	0.00282294
74	0.0027768
75	0.00274597
76	0.00273567
77	0.00273309
78	0.00268762
79	0.00263628
80	0.00259018
81	0.00254246
82	0.00253179
83	0.0025376
84	0.00248206
85	0.00240502
86	0.00232851
87	0.00231607
88	0.00231108
89	0.00229598
90	0.0022685
91	0.002226
92	0.00217823
93	0.00212523
94	0.00211758
95	0.00214213
96	0.00211633
97	0.00208902
98	0.00203483
99	0.00200278
100	0.00198798
101	0.00199232
102	0.00201175
103	0.00204399
104	0.00203619
105	0.00197683
106	0.00187663
107	0.0018223
108	0.00180812
109	0.00178417
110	0.00175478
111	0.00174276
112	0.00173943
113	0.00174708
114	0.00177947
115	0.00179782
116	0.00175584
117	0.00175748
118	0.00173777
119	0.00169114
120	0.00165465
121	0.0016597
122	0.00166982
123	0.00166028
124	0.00164476
125	0.00162533
126	0.0015892
127	0.00156083
128	0.00156516
129	0.00155653
130	0.00153303
131	0.00149761
132	0.00147208
133	0.00143102
134	0.0013816
135	0.00137827
136	0.00139678
137	0.00139875
138	0.00137512
139	0.00135827
140	0.00131606
141	0.00126495
142	0.0012195
143	0.0012066
144	0.00120314
145	0.00119279
146	0.00120211
147	0.00121408
148	0.00124735
149	0.0013031
150	0.00135293
151	0.00137962
152	0.00138484
153	0.00144013
154	0.00152651
155	0.00158651
156	0.00162352
157	0.00164394
158	0.00165227
159	0.00166485
160	0.00170855
161	0.00173029
162	0.00179733
163	0.00196437
164	0.00203533
165	0.00209445
166	0.00199457
167	0.00199368
168	0.00201435
169	0.00206548
170	0.00212933
171	0.00217269
172	0.00127464
173	0.00128793
174	0.00132696
175	0.00135452
176	0.00210623
177	0.00136995
178	0.00138473
179	0.00142625
180	0.00141487
181	0.00139868
182	0.00140116
183	0.00140456
184	0.00138739
185	0.00136159
186	0.00134738
187	0.00133785
188	0.00134683
189	0.00133323
190	0.00132576
191	0.00131688
192	0.0013117
193	0.00131005
194	0.00131161
195	0.00131114
196	0.00130869
197	0.00129901
198	0.00129194
199	0.00128175
200	0.00128568
201	0.00129553
202	0.00130491
203	0.00131465
204	0.0013291
205	0.00134735
206	0.00136398
207	0.00137166
208	0.00137975
209	0.0013873
210	0.00137578
211	0.00137132
212	0.00137887
213	0.00139358
214	0.00141086
215	0.0014304
216	0.00144912
217	0.00146424
218	0.00102647
219	0.00104863
220	0.00106292
221	0.00106186
222	0.00105848
223	0.00105284
224	0.00104606
225	0.00104401
226	0.00103037
227	0.00101153
228	0.00100892
229	0.00100957
230	0.000994692
231	0.000973588
232	0.000951553
233	0.000953548
234	0.000951935
235	0.000944257
236	0.000933081
237	0.000922962
238	0.000913611
239	0.000907809
240	0.000901579
241	0.000895893
242	0.000887795
243	0.000882756
244	0.000879813
245	0.000878764
246	0.000878449
247	0.000880492
248	0.000883282
249	0.000889156
250	0.000892971
251	0.000898582
252	0.00090356
253	0.000910385
254	0.000915433
255	0.000921843
256	0.000927257
257	0.000933888
258	0.000938759
259	0.000945737
260	0.000952276
261	0.000959869
262	0.000966451
263	0.000972709
264	0.000978292
265	0.000984718
266	0.000990857
267	0.000995147
268	0.000998605
269	0.00100133
270	0.00100269
271	0.00100469
272	0.00100533
273	0.00100448
274	0.0010026
275	0.000994441
276	0.000989016
277	0.000986565
278	0.00098584
279	0.000984617
280	0.000982585
281	0.00097891
282	0.00098393
283	0.000971064
284	0.000969709
285	0.000976231
286	0.000980769
287	0.000982057
288	0.000983471
289	0.000985156
290	0.000987255
291	0.000988029
292	0.000988755
293	0.00098716
294	0.000985134
295	0.000982869
296	0.000980493
297	0.000975755
298	0.000968474
299	0.00096091
300	0.000951453
301	0.000941493
302	0.000932375
303	0.000924833
304	0.000916306
305	0.000906991
306	0.000895626
307	0.000854943
308	0.000842813
309	0.000824877
310	0.000802938
311	0.000800349
312	0.000781435
313	0.000839586
314	0.000861651
315	0.000875968
316	0.000880102
317	0.000883808
318	0.000889667
319	0.000896675
320	0.000902849
321	0.000903553
322	0.000914786
323	0.000913211
324	0.000911647
325	0.000905557
326	0.000897724
327	0.00089014
328	0.000880532
329	0.000691304
330	0.000686422
331	0.000682024
332	0.000677579
333	0.000670877
334	0.000662204
335	0.000653305
336	0.000652921
337	0.000644222
338	0.000651079
339	0.00064144
340	0.000641395
341	0.000646456
342	0.000656887
343	0.000646391
344	0.000637314
345	0.000632575
346	0.000647893
347	0.000642234
348	0.000626032
349	0.000617045
350	0.000599176
351	0.000599387
352	0.000594968
353	0.000593002
354	0.000581014
355	0.000572431
356	0.000563059
357	0.000553833
358	0.000547621
359	0.000540949
360	0.000385489
361	0.000379088
362	0.000373805
363	0.000368416
364	0.000360908
365	0.000352922
366	0.000344067
367	0.000335286
368	0.0003258
369	0.000315403
370	0.000313471
371	0.000316108
372	0.000316649
373	0.000316122
374	0.000314231
375	0.000311576
376	0.000306016
377	0.000303093
378	0.000298687
379	0.000289424
380	0.000282491
381	0.000273202
382	0.000265178
383	0.000280879
384	0.000290881
385	0.000241109
386	0.000245958
387	0.000249475
388	0.000252555
389	0.000255637
390	0.000256695
391	0.00025756
392	0.000257697
393	0.000258484
394	0.000211652
395	0.000209896
396	0.000207233
397	0.000204139
398	0.000201408
399	0.000199634
400	0.000197663
401	0.000194834
402	0.0001917
403	0.000188681
404	0.000185385
405	0.000182212
406	0.000178992
407	0.000176118
408	0.000173041
409	0.000170042
410	0.000167098
411	0.000163972
412	0.000160533
413	0.000156932
414	0.000153012
415	0.000148885
416	0.00014538
417	0.000142556
418	0.000140107
419	0.000137613
420	0.000134772
421	0.000174812
422	0.000170688
423	0.000166354
424	0.000162186
425	0.000157785
426	0.000153311
427	0.000148577
428	0.000143245
429	0.000138345
430	0.000151924
431	0.000132128
432	0.000130385
433	0.000128978
434	0.000127623
435	0.000126325
436	0.000125209
437	0.000124123
438	0.000122977
439	0.000121415
440	0.000119917
441	0.000118756
442	0.000117788
443	0.000116316
444	0.000114982
445	0.000115354
446	0.000114127
447	0.00011263
448	0.000110822
449	8.84466e-05
450	0.000106924
451	0.000104979
452	0.000103271
453	0.000100887
454	9.81995e-05
455	9.59627e-05
456	9.22166e-05
457	9.00011e-05
458	8.8028e-05
459	8.59891e-05
460	8.36064e-05
461	8.00411e-05
