1	0.000768914
2	0.000320335
3	0.000954369
4	0.000802422
5	0.000331931
6	0.00146281
7	0.000804657
8	0.000961603
9	0.00115199
10	0.000865357
11	0.00327954
12	0.00126071
13	0.000826152
14	0.00160018
15	0.00109006
16	0.000755085
17	0.0013406
18	0.000950469
19	0.000614638
20	0.00130013
21	0.00102929
22	0.000775833
23	0.000948764
24	0.000727806
25	0.000482353
26	0.000926873
27	0.000835652
28	0.000792893
29	0.000681005
30	0.000599084
31	0.000666578
32	0.000914639
33	0.000791619
34	0.000472284
35	0.000446665
36	0.000360671
37	0.000483076
38	0.000679374
39	0.00030952
40	0.000315801
41	0.000295734
42	0.000233563
43	0.000316096
44	0.000285493
45	0.000183032
46	0.000205934
47	0.00023184
48	0.000209992
49	0.000189561
50	0.000208696
51	0.000210769
52	0.000196651
53	0.000174521
54	0.000189683
55	0.000191762
56	0.000160708
57	0.000162553
58	0.000157349
59	0.000156558
60	0.000156216
61	0.000162141
62	0.000140557
63	0.000150125
64	0.000155018
65	0.000125029
66	0.000139786
67	0.00013057
68	0.000141745
69	0.000140808
70	0.000149463
71	0.000115839
72	0.000116646
73	0.000109091
74	0.00013218
75	0.000136393
76	0.000106218
77	0.000112427
78	0.000115752
79	0.000114031
80	0.000111111
81	0.00010689
82	0.000102186
83	9.92747e-05
84	9.88912e-05
85	0.000100243
86	0.000101285
87	0.000102852
88	0.00010355
89	9.61372e-05
90	9.03414e-05
91	8.69259e-05
92	8.81398e-05
93	9.67835e-05
94	9.43931e-05
95	9.39171e-05
96	9.54343e-05
97	9.77251e-05
98	0.000103033
99	9.69547e-05
100	9.48346e-05
101	9.68097e-05
102	0.000100671
103	0.000105105
104	9.93418e-05
105	9.50908e-05
106	8.66579e-05
107	8.19543e-05
108	7.61736e-05
109	7.27587e-05
110	8.14484e-05
111	8.69707e-05
112	8.37386e-05
113	8.77149e-05
114	9.0453e-05
115	9.14976e-05
116	9.05921e-05
117	7.30416e-05
118	7.29636e-05
119	8.70806e-05
120	7.57736e-05
121	8.75666e-05
122	8.572e-05
123	8.6919e-05
124	8.66561e-05
125	8.52832e-05
126	8.30911e-05
127	8.0795e-05
128	8.13179e-05
129	6.98798e-05
130	6.99109e-05
131	7.07455e-05
132	7.10967e-05
133	7.17309e-05
134	7.01693e-05
135	6.99461e-05
136	7.11829e-05
137	7.20169e-05
138	7.17273e-05
139	7.03439e-05
140	6.64728e-05
141	6.70558e-05
142	6.09479e-05
143	6.6192e-05
144	6.09683e-05
145	6.25235e-05
146	6.34484e-05
147	6.41533e-05
148	6.54805e-05
149	6.67221e-05
150	6.78899e-05
151	7.53726e-05
152	6.99567e-05
153	7.71387e-05
154	7.10348e-05
155	7.00234e-05
156	6.945e-05
157	7.65581e-05
158	7.88009e-05
159	8.0527e-05
160	8.08354e-05
161	8.13533e-05
162	7.87913e-05
163	7.43989e-05
164	0.000105419
165	0.000106678
166	7.87809e-05
167	7.86154e-05
168	7.92804e-05
169	8.15748e-05
170	8.51248e-05
171	8.85401e-05
172	6.16541e-05
173	6.28071e-05
174	6.50962e-05
175	6.72296e-05
176	0.000103813
177	7.31984e-05
178	6.57221e-05
179	7.4735e-05
180	6.76089e-05
181	6.84741e-05
182	6.89936e-05
183	6.84599e-05
184	6.74342e-05
185	6.58443e-05
186	6.55076e-05
187	6.52499e-05
188	6.63524e-05
189	6.68607e-05
190	6.77217e-05
191	6.85862e-05
192	6.8694e-05
193	6.94642e-05
194	6.94842e-05
195	6.9554e-05
196	6.88717e-05
197	6.75014e-05
198	6.64269e-05
199	6.49554e-05
200	6.45211e-05
201	6.37632e-05
202	6.29775e-05
203	6.20552e-05
204	6.19189e-05
205	6.18383e-05
206	6.16119e-05
207	6.06853e-05
208	5.9044e-05
209	7.37981e-05
210	7.11451e-05
211	6.96924e-05
212	6.94762e-05
213	7.02462e-05
214	7.11412e-05
215	7.16788e-05
216	7.25323e-05
217	7.33077e-05
218	5.56412e-05
219	5.68389e-05
220	5.78389e-05
221	5.80544e-05
222	5.83156e-05
223	5.86598e-05
224	5.89201e-05
225	5.5098e-05
226	5.87524e-05
227	4.48236e-05
228	4.47971e-05
229	5.77309e-05
230	5.63773e-05
231	5.40756e-05
232	5.26245e-05
233	5.27367e-05
234	5.29577e-05
235	5.267e-05
236	5.18559e-05
237	5.14691e-05
238	5.13463e-05
239	5.16025e-05
240	5.1754e-05
241	5.17069e-05
242	5.15735e-05
243	5.13079e-05
244	5.11519e-05
245	5.10962e-05
246	5.11069e-05
247	5.12805e-05
248	5.16122e-05
249	5.20249e-05
250	5.2389e-05
251	5.27769e-05
252	5.32895e-05
253	5.4036e-05
254	5.47508e-05
255	5.53896e-05
256	5.59586e-05
257	5.65017e-05
258	5.7068e-05
259	5.77565e-05
260	5.83479e-05
261	5.89762e-05
262	5.95259e-05
263	6.00167e-05
264	6.05832e-05
265	6.13279e-05
266	6.21454e-05
267	6.27775e-05
268	6.33953e-05
269	6.38782e-05
270	6.43668e-05
271	6.48697e-05
272	6.53614e-05
273	6.57883e-05
274	5.66369e-05
275	5.62846e-05
276	5.61876e-05
277	5.65907e-05
278	5.72645e-05
279	5.78483e-05
280	5.83661e-05
281	5.9057e-05
282	5.92142e-05
283	6.04176e-05
284	6.13632e-05
285	6.1128e-05
286	6.20315e-05
287	6.26543e-05
288	6.33826e-05
289	6.41159e-05
290	6.49838e-05
291	6.57742e-05
292	6.64672e-05
293	6.69708e-05
294	6.73698e-05
295	6.77956e-05
296	6.82392e-05
297	6.85588e-05
298	6.8796e-05
299	6.89352e-05
300	6.91547e-05
301	6.90984e-05
302	7.01618e-05
303	7.20332e-05
304	7.40579e-05
305	7.62818e-05
306	7.83245e-05
307	7.96743e-05
308	8.15567e-05
309	8.32106e-05
310	7.49836e-05
311	7.76905e-05
312	8.21892e-05
313	8.49446e-05
314	8.78273e-05
315	8.11656e-05
316	8.28128e-05
317	8.50014e-05
318	8.73231e-05
319	9.03473e-05
320	8.31493e-05
321	8.48887e-05
322	8.75145e-05
323	8.93299e-05
324	8.23052e-05
325	8.31204e-05
326	8.385e-05
327	8.40804e-05
328	8.4228e-05
329	7.65008e-05
330	7.64572e-05
331	7.62933e-05
332	7.60808e-05
333	6.88132e-05
334	6.78132e-05
335	7.31155e-05
336	6.60097e-05
337	7.12525e-05
338	6.47861e-05
339	6.94896e-05
340	6.82952e-05
341	6.66633e-05
342	6.46944e-05
343	6.28703e-05
344	6.13481e-05
345	5.95093e-05
346	6.39704e-05
347	5.87333e-05
348	5.79131e-05
349	5.69773e-05
350	5.6113e-05
351	5.54262e-05
352	5.4538e-05
353	5.35123e-05
354	5.18955e-05
355	5.03267e-05
356	4.87882e-05
357	4.73658e-05
358	4.58936e-05
359	4.4143e-05
360	3.83756e-05
361	4.00426e-05
362	3.81608e-05
363	3.60596e-05
364	3.70912e-05
365	3.44745e-05
366	3.5931e-05
367	3.33175e-05
368	3.40562e-05
369	3.10973e-05
370	3.10533e-05
371	2.99361e-05
372	3.20353e-05
373	3.02111e-05
374	3.17862e-05
375	2.97653e-05
376	3.07646e-05
377	2.85936e-05
378	2.91836e-05
379	2.94661e-05
380	2.69112e-05
381	2.69497e-05
382	2.69753e-05
383	2.71193e-05
384	2.74764e-05
385	2.51745e-05
386	2.52281e-05
387	2.51855e-05
388	2.50514e-05
389	2.25506e-05
390	2.22303e-05
391	2.19095e-05
392	2.37335e-05
393	2.34596e-05
394	2.1019e-05
395	2.05431e-05
396	1.99591e-05
397	1.93325e-05
398	2.06884e-05
399	2.01999e-05
400	1.97567e-05
401	1.92966e-05
402	1.88861e-05
403	1.84873e-05
404	1.80957e-05
405	1.76991e-05
406	1.72521e-05
407	1.67612e-05
408	1.79684e-05
409	1.74429e-05
410	1.69082e-05
411	1.63429e-05
412	1.7526e-05
413	1.70467e-05
414	1.65885e-05
415	1.62612e-05
416	1.59525e-05
417	1.55969e-05
418	1.52349e-05
419	1.48456e-05
420	1.44157e-05
421	1.56332e-05
422	1.51773e-05
423	1.64891e-05
424	1.60249e-05
425	1.55031e-05
426	1.49189e-05
427	1.4278e-05
428	1.54965e-05
429	1.48034e-05
430	1.60268e-05
431	1.39102e-05
432	1.43412e-05
433	1.48257e-05
434	1.35509e-05
435	1.39855e-05
436	1.43944e-05
437	1.47924e-05
438	1.35403e-05
439	1.38138e-05
440	1.40455e-05
441	1.43363e-05
442	1.31329e-05
443	1.3293e-05
444	1.34352e-05
445	1.35904e-05
446	1.37313e-05
447	1.24797e-05
448	1.25016e-05
449	1.13049e-05
450	1.24708e-05
451	1.24835e-05
452	1.24758e-05
453	1.24215e-05
454	1.12067e-05
455	1.1051e-05
456	1.09063e-05
457	1.07657e-05
458	1.06131e-05
459	1.04497e-05
460	1.02596e-05
461	9.98887e-06
