1	5
2	11
3	6
4	6
5	18
6	7
7	8
8	12
9	7
10	9
11	14
12	9
13	11
14	11
15	8
16	15
17	12
18	11
19	19
20	11
21	11
22	23
23	13
24	14
25	19
26	14
27	15
28	15
29	14
30	17
31	14
32	14
33	18
34	12
35	15
36	16
37	12
38	13
39	16
40	13
41	14
42	10
43	12
44	13
45	11
46	12
47	11
48	10
49	12
50	12
51	9
52	11
53	7
54	11
55	12
56	11
57	8
58	8
59	9
60	11
61	11
62	11
63	9
64	9
65	11
66	11
67	11
68	10
69	9
70	9
71	11
72	11
73	11
74	10
75	10
76	11
77	11
78	11
79	11
80	11
81	11
82	11
83	11
84	11
85	11
86	11
87	11
88	11
89	11
90	11
91	11
92	11
93	11
94	11
95	11
96	11
97	11
98	11
99	12
100	12
101	11
102	11
103	11
104	11
105	11
106	11
107	11
108	11
109	11
110	9
111	9
112	10
113	10
114	10
115	10
116	11
117	12
118	12
119	11
120	12
121	11
122	11
123	11
124	11
125	11
126	11
127	11
128	11
129	12
130	12
131	12
132	12
133	12
134	12
135	12
136	12
137	12
138	12
139	12
140	12
141	12
142	13
143	12
144	13
145	13
146	13
147	13
148	13
149	13
150	13
151	12
152	13
153	12
154	12
155	12
156	12
157	12
158	12
159	12
160	12
161	12
162	12
163	12
164	11
165	11
166	12
167	12
168	12
169	12
170	12
171	12
172	13
173	13
174	13
175	13
176	12
177	13
178	14
179	13
180	14
181	14
182	14
183	14
184	14
185	14
186	14
187	14
188	14
189	14
190	14
191	14
192	14
193	14
194	14
195	14
196	14
197	14
198	14
199	14
200	14
201	14
202	14
203	14
204	14
205	14
206	14
207	14
208	14
209	13
210	13
211	13
212	13
213	13
214	13
215	13
216	13
217	13
218	13
219	13
220	13
221	13
222	13
223	13
224	13
225	14
226	14
227	15
228	15
229	14
230	14
231	14
232	13
233	13
234	13
235	13
236	13
237	13
238	13
239	13
240	13
241	13
242	13
243	13
244	13
245	13
246	13
247	13
248	13
249	13
250	13
251	13
252	13
253	13
254	13
255	13
256	13
257	13
258	13
259	13
260	13
261	13
262	13
263	13
264	13
265	13
266	13
267	13
268	13
269	13
270	13
271	13
272	13
273	13
274	14
275	14
276	14
277	14
278	14
279	14
280	14
281	14
282	14
283	14
284	14
285	14
286	14
287	14
288	14
289	14
290	14
291	14
292	14
293	14
294	14
295	14
296	14
297	14
298	14
299	14
300	14
301	14
302	14
303	14
304	14
305	14
306	14
307	14
308	14
309	14
310	15
311	15
312	15
313	15
314	15
315	16
316	16
317	16
318	16
319	16
320	17
321	17
322	17
323	17
324	18
325	18
326	18
327	18
328	18
329	18
330	18
331	18
332	18
333	19
334	19
335	18
336	19
337	18
338	19
339	18
340	18
341	18
342	18
343	18
344	18
345	18
346	17
347	18
348	18
349	18
350	18
351	18
352	18
353	18
354	18
355	18
356	18
357	18
358	18
359	18
360	18
361	17
362	17
363	17
364	16
365	16
366	15
367	15
368	14
369	14
370	14
371	15
372	15
373	16
374	16
375	17
376	17
377	18
378	18
379	18
380	19
381	19
382	19
383	19
384	19
385	19
386	19
387	19
388	19
389	20
390	20
391	20
392	19
393	19
394	19
395	19
396	19
397	19
398	18
399	18
400	18
401	18
402	18
403	18
404	18
405	18
406	18
407	18
408	17
409	17
410	17
411	17
412	16
413	16
414	16
415	16
416	16
417	16
418	16
419	16
420	16
421	16
422	16
423	15
424	15
425	15
426	15
427	15
428	14
429	14
430	14
431	14
432	14
433	14
434	15
435	15
436	15
437	15
438	16
439	16
440	16
441	16
442	17
443	17
444	17
445	17
446	17
447	18
448	18
449	18
450	18
451	18
452	18
453	18
454	19
455	19
456	19
457	19
458	19
459	19
460	19
461	19
