1	1
2	0.78478
3	0.757371
4	0.281761
5	0.529502
6	0.638609
7	0.121638
8	0.492287
9	0.400057
10	0.0509349
11	0.311337
12	0.238641
13	0.082295
14	0.214429
15	0.117016
16	0.0648599
17	0.120803
18	0.0492376
19	0.0572739
20	0.0751249
21	0.0254601
22	0.0364527
23	0.0379718
24	0.0146493
25	0.0284791
26	0.0250659
27	0.0135253
28	0.0184782
29	0.0153164
30	0.012534
31	0.015006
32	0.0124017
33	0.0114408
34	0.0119505
35	0.01083
36	0.0105348
37	0.010506
38	0.00988425
39	0.00988021
40	0.0097247
41	0.00932986
42	0.00913886
43	0.00897409
44	0.00884214
45	0.00876083
46	0.00858409
47	0.00837295
48	0.00822994
49	0.00811907
50	0.00801891
51	0.00790491
52	0.00776227
53	0.00762846
54	0.00752386
55	0.00742134
56	0.00731759
57	0.00720934
58	0.00709808
59	0.00700083
60	0.00690924
61	0.00681689
62	0.00671998
63	0.0066282
64	0.00654419
65	0.00646148
66	0.00638033
67	0.00629882
68	0.00621926
69	0.00614249
70	0.00606755
71	0.0059953
72	0.00592458
73	0.00585586
74	0.00578891
75	0.00572369
76	0.00566011
77	0.00559834
78	0.00553747
79	0.00547771
80	0.00542023
81	0.00536434
82	0.00530885
83	0.00525378
84	0.00520013
85	0.00514717
86	0.00509495
87	0.00504402
88	0.0049936
89	0.00494309
90	0.00489303
91	0.0048439
92	0.00479502
93	0.00474697
94	0.00469919
95	0.00465115
96	0.00460348
97	0.00455626
98	0.00450896
99	0.00446247
100	0.00441577
101	0.00436911
102	0.00432297
103	0.00427713
104	0.00423109
105	0.00418555
106	0.00413988
107	0.00409433
108	0.00404878
109	0.00400401
110	0.00395868
111	0.00391339
112	0.00386838
113	0.00382296
114	0.00377835
115	0.00373348
116	0.00368825
117	0.00364372
118	0.00359933
119	0.00355499
120	0.00351114
121	0.00346712
122	0.00342323
123	0.00338018
124	0.00333653
125	0.00329387
126	0.00325136
127	0.00320852
128	0.00316712
129	0.00312491
130	0.00308341
131	0.00304253
132	0.00300163
133	0.00296159
134	0.00292193
135	0.00288225
136	0.00284334
137	0.00280467
138	0.00276638
139	0.00272903
140	0.00269161
141	0.00265511
142	0.00261901
143	0.00258313
144	0.00254855
145	0.00251402
146	0.00248036
147	0.00244707
148	0.00241433
149	0.00238235
150	0.0023508
151	0.00232001
152	0.00228981
153	0.00225997
154	0.00223128
155	0.00220255
156	0.00217513
157	0.00214782
158	0.00212148
159	0.0020958
160	0.0020704
161	0.00204598
162	0.00202192
163	0.00199875
164	0.00197611
165	0.001954
166	0.00193251
167	0.00191136
168	0.00189094
169	0.00187092
170	0.00185161
171	0.00183256
172	0.00181421
173	0.00179601
174	0.00177855
175	0.00176145
176	0.00174475
177	0.00172867
178	0.00171259
179	0.00169732
180	0.00168206
181	0.0016674
182	0.00165289
183	0.00163887
184	0.00162522
185	0.00161181
186	0.00159879
187	0.00158602
188	0.00157376
189	0.00156145
190	0.00154989
191	0.00153814
192	0.00152708
193	0.00151612
194	0.00150551
195	0.00149523
196	0.00148503
197	0.00147531
198	0.00146551
199	0.00145636
200	0.00144709
201	0.00143832
202	0.00142976
203	0.00142147
204	0.0014134
205	0.00140548
206	0.00139779
207	0.00139032
208	0.00138313
209	0.00137619
210	0.00136949
211	0.00136311
212	0.00135695
213	0.0013511
214	0.00134574
215	0.00134051
216	0.00133576
217	0.00133106
218	0.00132674
219	0.00132246
220	0.0013184
221	0.00131463
222	0.00131093
223	0.00130743
224	0.00130416
225	0.00130092
226	0.00129791
227	0.00129484
228	0.00129208
229	0.00128927
230	0.00128664
231	0.00128414
232	0.00128164
233	0.00127929
234	0.00127693
235	0.0012746
236	0.00127238
237	0.0012701
238	0.00126798
239	0.00126573
240	0.00126353
241	0.00126131
242	0.00125909
243	0.00125683
244	0.00125463
245	0.00125218
246	0.00124992
247	0.00124743
248	0.00124495
249	0.00124246
250	0.00123985
251	0.00123727
252	0.0012346
253	0.00123178
254	0.00122909
255	0.00122614
256	0.00122326
257	0.00122029
258	0.00121716
259	0.00121408
260	0.00121083
261	0.00120759
262	0.0012043
263	0.00120087
264	0.00119756
265	0.00119394
266	0.00119052
267	0.00118683
268	0.00118319
269	0.00117952
270	0.00117566
271	0.00117188
272	0.00116797
273	0.00116413
274	0.00116011
275	0.00115606
276	0.00115203
277	0.00114786
278	0.00114363
279	0.00113932
280	0.00113498
281	0.00113069
282	0.00112615
283	0.00112167
284	0.00111707
285	0.00111239
286	0.00110768
287	0.00110287
288	0.00109804
289	0.00109303
290	0.00108803
291	0.00108281
292	0.00107753
293	0.00107216
294	0.00106667
295	0.00106108
296	0.00105535
297	0.00104951
298	0.00104363
299	0.00103759
300	0.00103132
301	0.00102509
302	0.00101848
303	0.00101194
304	0.00100506
305	0.000998237
306	0.000991116
307	0.000983916
308	0.000976526
309	0.000968974
310	0.000961228
311	0.00095343
312	0.00094539
313	0.000937307
314	0.000929078
315	0.000920742
316	0.000912376
317	0.00090389
318	0.000895292
319	0.000886566
320	0.000877753
321	0.000868911
322	0.000860015
323	0.00085105
324	0.000842097
325	0.000833077
326	0.000824004
327	0.000814972
328	0.000805899
329	0.000796805
330	0.000787751
331	0.000778706
332	0.000769634
333	0.000760557
334	0.0007516
335	0.000742631
336	0.000733737
337	0.00072496
338	0.000716161
339	0.000707493
340	0.000698686
341	0.000690021
342	0.0006813
343	0.000672578
344	0.000663713
345	0.000655003
346	0.000646162
347	0.000637331
348	0.000628526
349	0.000619528
350	0.000610386
351	0.00060117
352	0.000591893
353	0.000582361
354	0.000572725
355	0.000562981
356	0.000552946
357	0.00054274
358	0.000532408
359	0.0005218
360	0.000511008
361	0.000500224
362	0.000489101
363	0.000477953
364	0.000466664
365	0.0004554
366	0.000444156
367	0.00043291
368	0.000421811
369	0.000410964
370	0.00040008
371	0.000389408
372	0.000378972
373	0.000368867
374	0.000358958
375	0.000349361
376	0.000340044
377	0.000331185
378	0.000322618
379	0.000314375
380	0.000306531
381	0.000298997
382	0.000291801
383	0.000284966
384	0.000278485
385	0.000272376
386	0.000266565
387	0.000261126
388	0.000255993
389	0.000251158
390	0.00024666
391	0.00024243
392	0.000238513
393	0.000234931
394	0.000231567
395	0.000228488
396	0.000225614
397	0.000222994
398	0.000220577
399	0.000218356
400	0.000216326
401	0.000214365
402	0.000212586
403	0.000210896
404	0.000209386
405	0.000207854
406	0.000206392
407	0.000204988
408	0.000203535
409	0.00020211
410	0.000200641
411	0.000199138
412	0.000197688
413	0.000196156
414	0.000194659
415	0.000193089
416	0.000191496
417	0.000189894
418	0.000188226
419	0.000186482
420	0.000184767
421	0.000182995
422	0.000181146
423	0.000179324
424	0.000177484
425	0.000175565
426	0.000173683
427	0.000171812
428	0.00016987
429	0.000167907
430	0.000165994
431	0.000164057
432	0.000162106
433	0.00016017
434	0.000158257
435	0.000156319
436	0.00015439
437	0.000152532
438	0.000150652
439	0.000148735
440	0.00014685
441	0.000145016
442	0.000143165
443	0.000141295
444	0.000139477
445	0.000137703
446	0.000135912
447	0.00013411
448	0.000132339
449	0.00013064
450	0.000128926
451	0.000127201
452	0.000125508
453	0.000123889
454	0.00012228
455	0.000120644
456	0.000119018
457	0.000117423
458	0.000115907
459	0.000114381
460	0.000112864
461	0.000111363
