1	0.0426357
2	0.0458799
3	0.0439066
4	0.0159056
5	0.0306793
6	0.036597
7	0.00629576
8	0.028518
9	0.0230114
10	0.00274606
11	0.0177316
12	0.0134373
13	0.00463608
14	0.0122966
15	0.00668948
16	0.00353989
17	0.00674762
18	0.0026745
19	0.00323644
20	0.00429628
21	0.00146054
22	0.00198899
23	0.00209063
24	0.000807751
25	0.00162699
26	0.00145205
27	0.000760559
28	0.00103244
29	0.000865611
30	0.000731212
31	0.000886013
32	0.000733872
33	0.000661838
34	0.000691534
35	0.000635555
36	0.000630888
37	0.000631746
38	0.000590298
39	0.000586742
40	0.000580294
41	0.000562164
42	0.000553974
43	0.000544343
44	0.000535152
45	0.000530323
46	0.000521984
47	0.000511718
48	0.000503656
49	0.000497326
50	0.000491324
51	0.000485167
52	0.00047777
53	0.000470484
54	0.000464462
55	0.000458695
56	0.000452611
57	0.000446291
58	0.00044005
59	0.000434407
60	0.000428949
61	0.000423511
62	0.000417892
63	0.000412393
64	0.000407199
65	0.000402193
66	0.000397286
67	0.000392427
68	0.000387688
69	0.000383108
70	0.000378612
71	0.000374258
72	0.000370055
73	0.000365951
74	0.000361961
75	0.000358136
76	0.000354408
77	0.000350753
78	0.000347197
79	0.000343718
80	0.000340355
81	0.000337101
82	0.000333881
83	0.000330728
84	0.000327635
85	0.000324592
86	0.000321608
87	0.000318701
88	0.0003158
89	0.000312913
90	0.000310101
91	0.000307277
92	0.000304471
93	0.000301745
94	0.000299001
95	0.000296244
96	0.000293545
97	0.000290843
98	0.000288108
99	0.000285445
100	0.00028277
101	0.000280049
102	0.000277403
103	0.000274757
104	0.000272055
105	0.000269415
106	0.000266767
107	0.000264067
108	0.000261432
109	0.000258787
110	0.000256098
111	0.000253459
112	0.000250805
113	0.000248122
114	0.000245475
115	0.000242826
116	0.000240158
117	0.000237521
118	0.00023489
119	0.000232251
120	0.000229644
121	0.000227008
122	0.000224394
123	0.000221811
124	0.000219209
125	0.00021665
126	0.000214101
127	0.000211538
128	0.000209025
129	0.000206505
130	0.000203997
131	0.000201527
132	0.000199054
133	0.000196629
134	0.000194217
135	0.000191811
136	0.000189448
137	0.000187085
138	0.000184768
139	0.000182486
140	0.00018021
141	0.000177969
142	0.000175747
143	0.000173564
144	0.000171425
145	0.000169311
146	0.000167228
147	0.000165174
148	0.000163155
149	0.000161176
150	0.000159214
151	0.000157306
152	0.000155411
153	0.000153563
154	0.000151747
155	0.000149962
156	0.000148228
157	0.000146501
158	0.00014484
159	0.000143184
160	0.000141579
161	0.000140003
162	0.000138461
163	0.00013697
164	0.000135482
165	0.000134055
166	0.000132627
167	0.00013125
168	0.000129888
169	0.00012857
170	0.000127272
171	0.000126008
172	0.000124772
173	0.000123544
174	0.000122372
175	0.000121205
176	0.000120084
177	0.000118978
178	0.000117892
179	0.000116843
180	0.000115807
181	0.000114822
182	0.000113827
183	0.000112879
184	0.000111931
185	0.000111023
186	0.000110128
187	0.000109262
188	0.000108419
189	0.000107583
190	0.000106785
191	0.000105981
192	0.000105227
193	0.000104468
194	0.000103746
195	0.00010303
196	0.000102334
197	0.000101654
198	0.000100994
199	0.000100354
200	9.97215e-05
201	9.91157e-05
202	9.85205e-05
203	9.79473e-05
204	9.73801e-05
205	9.68427e-05
206	9.63011e-05
207	9.58006e-05
208	9.52961e-05
209	9.4834e-05
210	9.43789e-05
211	9.39462e-05
212	9.35359e-05
213	9.31515e-05
214	9.27995e-05
215	9.24663e-05
216	9.21556e-05
217	9.18607e-05
218	9.15939e-05
219	9.13291e-05
220	9.10933e-05
221	9.08661e-05
222	9.06576e-05
223	9.04548e-05
224	9.02799e-05
225	9.00976e-05
226	8.99471e-05
227	8.97868e-05
228	8.96493e-05
229	8.95167e-05
230	8.93849e-05
231	8.92739e-05
232	8.91574e-05
233	8.90511e-05
234	8.89496e-05
235	8.88473e-05
236	8.87509e-05
237	8.86579e-05
238	8.85653e-05
239	8.84713e-05
240	8.83718e-05
241	8.82804e-05
242	8.81765e-05
243	8.808e-05
244	8.79764e-05
245	8.78668e-05
246	8.77557e-05
247	8.76404e-05
248	8.75175e-05
249	8.73972e-05
250	8.72609e-05
251	8.71304e-05
252	8.69873e-05
253	8.68409e-05
254	8.66937e-05
255	8.65368e-05
256	8.63843e-05
257	8.62113e-05
258	8.6049e-05
259	8.58713e-05
260	8.56944e-05
261	8.55088e-05
262	8.53179e-05
263	8.51273e-05
264	8.49279e-05
265	8.47295e-05
266	8.45238e-05
267	8.43132e-05
268	8.41014e-05
269	8.38812e-05
270	8.36595e-05
271	8.34302e-05
272	8.31975e-05
273	8.29633e-05
274	8.27205e-05
275	8.24744e-05
276	8.22212e-05
277	8.19615e-05
278	8.16959e-05
279	8.14273e-05
280	8.11459e-05
281	8.0868e-05
282	8.05777e-05
283	8.02792e-05
284	7.99769e-05
285	7.96653e-05
286	7.93486e-05
287	7.90209e-05
288	7.86967e-05
289	7.83555e-05
290	7.80099e-05
291	7.7654e-05
292	7.72867e-05
293	7.69139e-05
294	7.65298e-05
295	7.61331e-05
296	7.57327e-05
297	7.53164e-05
298	7.48962e-05
299	7.44641e-05
300	7.40226e-05
301	7.35669e-05
302	7.31091e-05
303	7.2636e-05
304	7.21503e-05
305	7.16582e-05
306	7.11517e-05
307	7.0634e-05
308	7.01065e-05
309	6.95676e-05
310	6.90233e-05
311	6.84671e-05
312	6.78999e-05
313	6.73303e-05
314	6.67506e-05
315	6.61701e-05
316	6.55781e-05
317	6.49852e-05
318	6.43831e-05
319	6.37738e-05
320	6.31609e-05
321	6.2548e-05
322	6.19327e-05
323	6.13081e-05
324	6.06872e-05
325	6.00672e-05
326	5.94442e-05
327	5.88238e-05
328	5.82048e-05
329	5.75807e-05
330	5.69727e-05
331	5.63512e-05
332	5.5744e-05
333	5.51329e-05
334	5.45278e-05
335	5.39233e-05
336	5.33201e-05
337	5.27134e-05
338	5.2112e-05
339	5.15091e-05
340	5.08978e-05
341	5.02967e-05
342	4.96831e-05
343	4.90639e-05
344	4.84443e-05
345	4.78128e-05
346	4.71701e-05
347	4.65196e-05
348	4.58566e-05
349	4.51729e-05
350	4.44822e-05
351	4.3769e-05
352	4.30283e-05
353	4.227e-05
354	4.14856e-05
355	4.06797e-05
356	3.98504e-05
357	3.90085e-05
358	3.81454e-05
359	3.72667e-05
360	3.63803e-05
361	3.54874e-05
362	3.45837e-05
363	3.36762e-05
364	3.27752e-05
365	3.18804e-05
366	3.09922e-05
367	3.01126e-05
368	2.92577e-05
369	2.84169e-05
370	2.75896e-05
371	2.679e-05
372	2.6014e-05
373	2.5266e-05
374	2.45408e-05
375	2.38429e-05
376	2.31683e-05
377	2.2523e-05
378	2.19076e-05
379	2.1318e-05
380	2.07622e-05
381	2.02344e-05
382	1.97358e-05
383	1.92676e-05
384	1.88284e-05
385	1.84172e-05
386	1.80335e-05
387	1.76804e-05
388	1.73486e-05
389	1.70411e-05
390	1.67597e-05
391	1.64964e-05
392	1.62586e-05
393	1.60396e-05
394	1.58422e-05
395	1.56627e-05
396	1.55016e-05
397	1.53531e-05
398	1.52239e-05
399	1.50994e-05
400	1.49907e-05
401	1.48895e-05
402	1.47944e-05
403	1.47061e-05
404	1.46222e-05
405	1.45398e-05
406	1.44576e-05
407	1.43756e-05
408	1.42895e-05
409	1.41992e-05
410	1.41093e-05
411	1.40135e-05
412	1.39147e-05
413	1.38146e-05
414	1.37083e-05
415	1.35991e-05
416	1.34888e-05
417	1.33721e-05
418	1.32545e-05
419	1.31339e-05
420	1.30094e-05
421	1.28847e-05
422	1.27591e-05
423	1.26288e-05
424	1.2499e-05
425	1.23709e-05
426	1.22388e-05
427	1.21039e-05
428	1.19761e-05
429	1.18441e-05
430	1.17095e-05
431	1.15788e-05
432	1.14492e-05
433	1.13174e-05
434	1.1185e-05
435	1.10606e-05
436	1.09323e-05
437	1.08026e-05
438	1.06748e-05
439	1.05516e-05
440	1.04262e-05
441	1.02994e-05
442	1.01764e-05
443	1.00583e-05
444	9.93792e-06
445	9.8159e-06
446	9.69694e-06
447	9.58405e-06
448	9.47012e-06
449	9.35479e-06
450	9.24126e-06
451	9.13348e-06
452	9.02631e-06
453	8.9173e-06
454	8.80923e-06
455	8.70549e-06
456	8.60602e-06
457	8.50599e-06
458	8.40489e-06
459	8.30626e-06
460	8.21434e-06
461	8.12154e-06
