1	1
2	0.480614
3	0.264309
4	0.0713195
5	0.125918
6	0.181398
7	0.0773859
8	0.112378
9	0.0848996
10	0.0320814
11	0.0642809
12	0.0615748
13	0.032331
14	0.0391408
15	0.0320797
16	0.0281754
17	0.0339753
18	0.0277335
19	0.0204346
20	0.021512
21	0.0224399
22	0.0234056
23	0.0225835
24	0.0193495
25	0.0179691
26	0.0185358
27	0.0192473
28	0.0194262
29	0.0181154
30	0.0169386
31	0.0168751
32	0.0172464
33	0.0173202
34	0.0170207
35	0.016463
36	0.0160829
37	0.0160681
38	0.0161025
39	0.016025
40	0.0158879
41	0.0156998
42	0.0155492
43	0.01546
44	0.0153825
45	0.0153622
46	0.0153146
47	0.0152
48	0.0150657
49	0.014929
50	0.0148935
51	0.0148882
52	0.0148222
53	0.0146989
54	0.0145483
55	0.0144546
56	0.0144209
57	0.0143641
58	0.0142662
59	0.0141315
60	0.0140077
61	0.0139252
62	0.0138515
63	0.013764
64	0.013653
65	0.0135319
66	0.0134284
67	0.0133328
68	0.0132481
69	0.0131496
70	0.0130418
71	0.0129405
72	0.0128461
73	0.0127568
74	0.0126748
75	0.0125835
76	0.0125002
77	0.0124203
78	0.0123517
79	0.0122855
80	0.0122253
81	0.0121688
82	0.0121179
83	0.0120774
84	0.0120395
85	0.0120085
86	0.0119795
87	0.0119531
88	0.0119324
89	0.0119167
90	0.0119027
91	0.0118915
92	0.0118853
93	0.0118813
94	0.0118824
95	0.0118931
96	0.0119042
97	0.0119172
98	0.0119401
99	0.0119608
100	0.0119893
101	0.012024
102	0.0120586
103	0.0120986
104	0.012139
105	0.012179
106	0.0122251
107	0.0122747
108	0.0123304
109	0.0123906
110	0.0124478
111	0.0125044
112	0.0125643
113	0.0126251
114	0.0126898
115	0.0127563
116	0.0128219
117	0.0128889
118	0.012954
119	0.0130198
120	0.0130858
121	0.0131533
122	0.0132212
123	0.0132848
124	0.0133486
125	0.0134124
126	0.0134788
127	0.0135477
128	0.0136071
129	0.0136707
130	0.0137294
131	0.0137945
132	0.0138544
133	0.0139091
134	0.0139702
135	0.0140153
136	0.0140743
137	0.0141248
138	0.0141728
139	0.0142265
140	0.0142644
141	0.0143187
142	0.014357
143	0.0144023
144	0.0144371
145	0.0144731
146	0.0145087
147	0.0145414
148	0.0145716
149	0.0146012
150	0.0146289
151	0.0146538
152	0.0146783
153	0.0147019
154	0.0147252
155	0.0147475
156	0.0147671
157	0.0147914
158	0.0148076
159	0.0148279
160	0.0148452
161	0.0148624
162	0.0148777
163	0.0148952
164	0.0149084
165	0.0149257
166	0.0149362
167	0.0149534
168	0.0149617
169	0.014976
170	0.0149848
171	0.0149955
172	0.015005
173	0.0150155
174	0.0150219
175	0.0150291
176	0.0150335
177	0.0150389
178	0.0150454
179	0.0150489
180	0.0150517
181	0.0150554
182	0.0150533
183	0.0150567
184	0.0150536
185	0.0150559
186	0.0150517
187	0.0150507
188	0.0150478
189	0.0150442
190	0.0150376
191	0.0150347
192	0.0150258
193	0.0150215
194	0.0150118
195	0.0150056
196	0.0149947
197	0.0149887
198	0.0149745
199	0.0149677
200	0.0149527
201	0.0149422
202	0.0149284
203	0.0149152
204	0.0149007
205	0.0148862
206	0.0148688
207	0.014855
208	0.0148359
209	0.0148212
210	0.0148022
211	0.0147846
212	0.0147649
213	0.0147466
214	0.0147252
215	0.0147064
216	0.0146834
217	0.0146643
218	0.0146407
219	0.01462
220	0.0145964
221	0.014574
222	0.0145484
223	0.0145255
224	0.0145002
225	0.014476
226	0.0144492
227	0.0144225
228	0.0143949
229	0.0143659
230	0.0143366
231	0.0143066
232	0.0142757
233	0.0142458
234	0.0142129
235	0.0141813
236	0.0141463
237	0.0141136
238	0.0140781
239	0.0140439
240	0.0140075
241	0.0139714
242	0.013934
243	0.0138964
244	0.0138598
245	0.0138196
246	0.0137822
247	0.0137424
248	0.013703
249	0.013662
250	0.0136225
251	0.0135807
252	0.0135404
253	0.0134977
254	0.0134569
255	0.0134139
256	0.0133715
257	0.0133281
258	0.0132868
259	0.0132416
260	0.0132003
261	0.0131542
262	0.0131132
263	0.0130673
264	0.0130256
265	0.0129798
266	0.0129375
267	0.0128914
268	0.0128496
269	0.0128047
270	0.0127625
271	0.0127175
272	0.0126747
273	0.0126316
274	0.0125877
275	0.0125447
276	0.0125009
277	0.0124588
278	0.0124156
279	0.0123733
280	0.0123305
281	0.0122886
282	0.0122453
283	0.0122036
284	0.0121594
285	0.012117
286	0.0120731
287	0.0120303
288	0.011986
289	0.0119418
290	0.0118965
291	0.0118512
292	0.0118046
293	0.011758
294	0.0117094
295	0.0116619
296	0.0116107
297	0.0115612
298	0.0115067
299	0.0114554
300	0.0113969
301	0.0113433
302	0.0112807
303	0.0112227
304	0.0111539
305	0.0110928
306	0.0110195
307	0.0109554
308	0.0108805
309	0.0108084
310	0.0107352
311	0.0106538
312	0.0105835
313	0.0104949
314	0.0104221
315	0.0103341
316	0.0102512
317	0.0101668
318	0.010072
319	0.00999191
320	0.00989379
321	0.00980696
322	0.00971496
323	0.00961282
324	0.00952628
325	0.0094224
326	0.0093272
327	0.00923137
328	0.00912162
329	0.00902577
330	0.00891969
331	0.00880626
332	0.00870652
333	0.00859071
334	0.00847557
335	0.00836846
336	0.00824567
337	0.00812591
338	0.00801239
339	0.00788156
340	0.00775725
341	0.007637
342	0.00750168
343	0.00736815
344	0.00724339
345	0.00710385
346	0.00696346
347	0.00683345
348	0.00669248
349	0.00654515
350	0.00641001
351	0.00627004
352	0.00612051
353	0.00597826
354	0.00584407
355	0.00569968
356	0.00555541
357	0.00542487
358	0.00529303
359	0.0051556
360	0.00502203
361	0.00490388
362	0.00478537
363	0.00466675
364	0.00456417
365	0.00446961
366	0.00437327
367	0.00427669
368	0.00419086
369	0.00412475
370	0.00406017
371	0.00399413
372	0.00392848
373	0.00385982
374	0.00380495
375	0.0037578
376	0.00371191
377	0.00366783
378	0.00362
379	0.0035716
380	0.00352164
381	0.003469
382	0.00341803
383	0.00336466
384	0.00331028
385	0.00325691
386	0.00320277
387	0.00314819
388	0.00309537
389	0.00304192
390	0.00298898
391	0.00293839
392	0.00288652
393	0.00283667
394	0.00278828
395	0.0027398
396	0.00269241
397	0.00264759
398	0.00260291
399	0.00255868
400	0.0025176
401	0.00247659
402	0.00243553
403	0.00239748
404	0.00236012
405	0.0023227
406	0.00228707
407	0.00225317
408	0.00221936
409	0.00218509
410	0.00215371
411	0.00212327
412	0.00209249
413	0.002062
414	0.00203362
415	0.00200622
416	0.00197846
417	0.00195097
418	0.00192564
419	0.00190015
420	0.00187476
421	0.00184858
422	0.0018245
423	0.00180122
424	0.00177769
425	0.00175371
426	0.0017307
427	0.00170917
428	0.00168742
429	0.00166523
430	0.00164286
431	0.00162243
432	0.00160322
433	0.00158408
434	0.0015644
435	0.0015446
436	0.00152437
437	0.00150349
438	0.00148233
439	0.00146184
440	0.00144181
441	0.00142223
442	0.00140291
443	0.00138311
444	0.00136311
445	0.00134304
446	0.00132273
447	0.00130252
448	0.001282
449	0.00126104
450	0.00123958
451	0.00121798
452	0.00119612
453	0.00117368
454	0.00115095
455	0.00112813
456	0.00110499
457	0.00108146
458	0.00105776
459	0.00103415
460	0.00101024
461	0.000986001
