1	0.0859637
2	0.033235
3	0.0181419
4	0.00434471
5	0.00831413
6	0.0119467
7	0.00446107
8	0.00712886
9	0.00546478
10	0.00167831
11	0.00391685
12	0.00386302
13	0.00182014
14	0.00210902
15	0.00175882
16	0.00157207
17	0.0019985
18	0.00173887
19	0.0011834
20	0.00119162
21	0.0013132
22	0.00140031
23	0.00140093
24	0.00121764
25	0.00107606
26	0.00112484
27	0.00120623
28	0.00122121
29	0.00115419
30	0.00107838
31	0.00105744
32	0.00108991
33	0.00110974
34	0.00109383
35	0.00105988
36	0.00103253
37	0.00103073
38	0.00103866
39	0.0010377
40	0.00102571
41	0.00101057
42	0.000999681
43	0.000995593
44	0.000993164
45	0.000989221
46	0.000982632
47	0.000973205
48	0.00096532
49	0.000958794
50	0.00095564
51	0.000952262
52	0.000946149
53	0.000937925
54	0.000929627
55	0.000923863
56	0.000919711
57	0.000914814
58	0.000908194
59	0.000900393
60	0.000892888
61	0.000887289
62	0.000882074
63	0.000876576
64	0.000869946
65	0.000863407
66	0.000857112
67	0.000851673
68	0.00084655
69	0.000841021
70	0.000835375
71	0.00082986
72	0.000824593
73	0.000819877
74	0.000815154
75	0.000810661
76	0.000806302
77	0.000802264
78	0.000798648
79	0.000795252
80	0.000792131
81	0.000789104
82	0.000786701
83	0.000784629
84	0.000782567
85	0.000780955
86	0.000779302
87	0.000778061
88	0.000777064
89	0.000776212
90	0.000775759
91	0.000775147
92	0.000775133
93	0.000775266
94	0.000775603
95	0.000776506
96	0.00077778
97	0.000779263
98	0.000781322
99	0.000783125
100	0.000785755
101	0.000788636
102	0.000791367
103	0.000794643
104	0.000797953
105	0.0008013
106	0.000805255
107	0.000809381
108	0.000813473
109	0.000818104
110	0.000822462
111	0.000827228
112	0.000832207
113	0.000836942
114	0.000842264
115	0.000847406
116	0.000852709
117	0.000858146
118	0.000863178
119	0.000868696
120	0.000874011
121	0.000879514
122	0.000884844
123	0.000889996
124	0.000895628
125	0.000900669
126	0.000906273
127	0.000911459
128	0.000916655
129	0.000922236
130	0.000926952
131	0.000932592
132	0.00093748
133	0.000942557
134	0.000947551
135	0.000952162
136	0.000957074
137	0.000961877
138	0.000966205
139	0.000971
140	0.000975408
141	0.000979563
142	0.000983925
143	0.000987602
144	0.00099177
145	0.000995473
146	0.000999105
147	0.00100284
148	0.00100617
149	0.00100951
150	0.00101298
151	0.00101559
152	0.00101909
153	0.00102145
154	0.00102475
155	0.00102717
156	0.00102995
157	0.00103251
158	0.00103493
159	0.00103734
160	0.00103985
161	0.00104182
162	0.00104438
163	0.00104589
164	0.00104842
165	0.00104975
166	0.0010521
167	0.00105345
168	0.0010554
169	0.0010568
170	0.00105832
171	0.00105975
172	0.00106098
173	0.00106241
174	0.00106342
175	0.00106464
176	0.0010655
177	0.00106646
178	0.00106733
179	0.00106811
180	0.00106886
181	0.00106931
182	0.00106999
183	0.00107017
184	0.00107073
185	0.00107076
186	0.00107126
187	0.00107109
188	0.00107147
189	0.00107117
190	0.00107131
191	0.00107103
192	0.00107101
193	0.00107059
194	0.00107049
195	0.00106994
196	0.00106979
197	0.00106911
198	0.00106883
199	0.00106808
200	0.00106763
201	0.00106687
202	0.00106625
203	0.0010655
204	0.00106471
205	0.00106387
206	0.00106302
207	0.00106214
208	0.00106115
209	0.00106026
210	0.00105918
211	0.00105828
212	0.00105709
213	0.0010561
214	0.00105488
215	0.00105375
216	0.00105257
217	0.00105133
218	0.00105009
219	0.00104885
220	0.00104759
221	0.00104614
222	0.00104485
223	0.00104327
224	0.00104186
225	0.00104022
226	0.00103858
227	0.00103693
228	0.00103512
229	0.00103338
230	0.00103145
231	0.00102947
232	0.00102759
233	0.00102551
234	0.00102344
235	0.00102127
236	0.00101911
237	0.00101682
238	0.00101467
239	0.00101216
240	0.00101002
241	0.00100744
242	0.00100511
243	0.00100249
244	0.00100008
245	0.000997415
246	0.000994916
247	0.000992141
248	0.000989587
249	0.000986802
250	0.00098411
251	0.000981327
252	0.000978503
253	0.00097565
254	0.000972791
255	0.000969871
256	0.000966965
257	0.000964028
258	0.000961027
259	0.000958105
260	0.000955069
261	0.000952106
262	0.000949045
263	0.000946054
264	0.000942997
265	0.000940005
266	0.000936793
267	0.000933886
268	0.000930616
269	0.000927838
270	0.000924506
271	0.00092171
272	0.000918403
273	0.000915647
274	0.000912309
275	0.000909625
276	0.00090622
277	0.000903658
278	0.000900253
279	0.000897706
280	0.000894329
281	0.000891812
282	0.000888481
283	0.000885948
284	0.00088256
285	0.000880071
286	0.000876637
287	0.000874223
288	0.000870724
289	0.000868318
290	0.000864765
291	0.000862366
292	0.000858755
293	0.000856282
294	0.000852587
295	0.000850082
296	0.000846217
297	0.000843609
298	0.000839552
299	0.000836774
300	0.000832563
301	0.000829505
302	0.000825152
303	0.000821831
304	0.000817156
305	0.000813414
306	0.000808688
307	0.000804468
308	0.000799849
309	0.000794803
310	0.000790344
311	0.000784993
312	0.000780338
313	0.000774628
314	0.00076943
315	0.000763618
316	0.000757976
317	0.000752273
318	0.000746149
319	0.000740235
320	0.000733889
321	0.000727378
322	0.000721095
323	0.000713818
324	0.000707056
325	0.00069972
326	0.000692225
327	0.000684803
328	0.000676681
329	0.000668708
330	0.000660724
331	0.00065194
332	0.000643445
333	0.000634729
334	0.000625476
335	0.000616314
336	0.000607125
337	0.000597191
338	0.000587464
339	0.000577713
340	0.00056724
341	0.000556957
342	0.000546801
343	0.000535761
344	0.000525003
345	0.000514479
346	0.000503246
347	0.000492088
348	0.000481254
349	0.000470185
350	0.000458696
351	0.000447673
352	0.000437097
353	0.000425837
354	0.000415036
355	0.000404901
356	0.000394746
357	0.000384351
358	0.000374678
359	0.000365935
360	0.000356966
361	0.00034834
362	0.000340612
363	0.000333856
364	0.000326772
365	0.000320179
366	0.000314416
367	0.00030964
368	0.000304907
369	0.000299992
370	0.000296164
371	0.000292617
372	0.000289597
373	0.000286604
374	0.000283207
375	0.000279783
376	0.000276097
377	0.000272194
378	0.000268262
379	0.000264083
380	0.000259943
381	0.000255749
382	0.000251414
383	0.000247211
384	0.000242932
385	0.000238612
386	0.000234453
387	0.000230266
388	0.00022609
389	0.000222108
390	0.000218077
391	0.000214145
392	0.00021039
393	0.000206618
394	0.000202932
395	0.000199433
396	0.00019595
397	0.000192478
398	0.000189304
399	0.000186132
400	0.000182948
401	0.000180023
402	0.000177164
403	0.000174292
404	0.000171536
405	0.00016901
406	0.00016646
407	0.000163893
408	0.000161547
409	0.000159278
410	0.000156995
411	0.00015471
412	0.000152677
413	0.00015066
414	0.000148602
415	0.000146611
416	0.000144797
417	0.000143029
418	0.000141174
419	0.000139311
420	0.000137651
421	0.000136033
422	0.000134401
423	0.000132689
424	0.000131127
425	0.000129696
426	0.000128201
427	0.000126656
428	0.000125108
429	0.00012375
430	0.000122456
431	0.000121146
432	0.000119767
433	0.000118366
434	0.000116936
435	0.000115563
436	0.000114318
437	0.000113095
438	0.000111847
439	0.000110593
440	0.000109296
441	0.000107929
442	0.000106508
443	0.000105059
444	0.000103548
445	0.000101974
446	0.000100393
447	9.87662e-05
448	9.70789e-05
449	9.53755e-05
450	9.36513e-05
451	9.18851e-05
452	9.00729e-05
453	8.82609e-05
454	8.64198e-05
455	8.45405e-05
456	8.26404e-05
457	8.07491e-05
458	7.88403e-05
459	7.68995e-05
460	7.4965e-05
461	7.30364e-05
