/*--------------------------------*- C++ -*----------------------------------*\
| =========                 |                                                 |
| \\      /  F ield         | OpenFOAM: The Open Source CFD Toolbox           |
|  \\    /   O peration     | Version:  2312                                  |
|   \\  /    A nd           | Website:  www.openfoam.com                      |
|    \\/     M anipulation  |                                                 |
\*---------------------------------------------------------------------------*/
FoamFile
{
    version     2.0;
    format      ascii;
    arch        "LSB;label=32;scalar=64";
    class       faceList;
    location    "constant/polyMesh";
    object      faces;
}
// * * * * * * * * * * * * * * * * * * * * * * * * * * * * * * * * * * * * * //


3290
(
4(36 573 589 52)
4(169 36 573 706)
4(52 169 706 589)
4(169 35 572 706)
4(169 706 590 53)
4(185 35 572 722)
4(185 722 706 169)
4(53 212 749 590)
4(169 706 749 212)
4(34 571 722 185)
4(298 835 706 169)
4(185 722 835 298)
4(212 749 591 54)
4(298 835 749 212)
4(156 34 571 693)
4(156 693 722 185)
4(331 185 722 868)
4(331 868 835 298)
4(54 234 771 591)
4(212 749 771 234)
4(212 330 867 749)
4(298 835 867 330)
4(156 33 570 693)
4(156 693 868 331)
4(298 393 930 835)
4(393 331 868 930)
4(234 771 592 55)
4(330 867 771 234)
4(393 930 867 330)
4(184 33 570 721)
4(184 721 693 156)
4(314 851 868 331)
4(156 693 851 314)
4(393 314 851 930)
4(183 720 592 55)
4(234 771 720 183)
4(330 867 929 392)
4(234 392 929 771)
4(393 930 929 392)
4(184 32 569 721)
4(184 721 851 314)
4(314 851 829 292)
4(393 292 829 930)
4(183 720 593 56)
4(392 929 720 183)
4(460 393 930 997)
4(392 460 997 929)
4(235 32 569 772)
4(235 772 721 184)
4(338 184 721 875)
4(338 875 851 314)
4(314 851 899 362)
4(292 362 899 829)
4(460 292 829 997)
4(56 233 770 593)
4(183 720 770 233)
4(392 929 850 313)
4(313 850 720 183)
4(313 460 997 850)
4(31 568 772 235)
4(235 772 875 338)
4(338 875 899 362)
4(362 899 849 312)
4(292 312 849 829)
4(460 425 962 997)
4(292 829 962 425)
4(233 770 594 57)
4(313 850 770 233)
4(313 425 962 850)
4(208 31 568 745)
4(208 745 772 235)
4(302 839 875 338)
4(302 235 772 839)
4(302 839 899 362)
4(362 899 876 339)
4(312 339 876 849)
4(292 424 961 829)
4(312 849 961 424)
4(425 424 961 962)
4(224 761 594 57)
4(233 770 761 224)
4(233 360 897 770)
4(313 850 897 360)
4(313 491 1028 850)
4(491 425 962 1028)
4(208 30 567 745)
4(302 208 745 839)
4(339 302 839 876)
4(207 744 849 312)
4(207 339 876 744)
4(359 312 849 896)
4(359 896 961 424)
4(425 361 898 962)
4(361 424 961 898)
4(224 761 595 58)
4(224 360 897 761)
4(491 1028 897 360)
4(491 361 898 1028)
4(30 567 619 82)
4(208 82 619 745)
4(302 166 703 839)
4(166 208 745 703)
4(339 166 703 876)
4(259 796 849 312)
4(259 207 744 796)
4(207 166 703 744)
4(359 259 796 896)
4(424 492 1029 961)
4(492 359 896 1029)
4(492 1029 898 361)
4(176 713 595 58)
4(224 761 713 176)
4(360 897 959 422)
4(224 422 959 761)
4(491 1028 959 422)
4(423 361 898 960)
4(423 960 1028 491)
4(83 620 745 208)
4(166 83 620 703)
4(207 744 622 85)
4(259 85 622 796)
4(166 703 621 84)
4(207 84 621 744)
4(258 259 796 795)
4(359 258 795 896)
4(421 359 896 958)
4(492 421 958 1029)
4(492 1029 960 423)
4(176 713 596 59)
4(422 959 713 176)
4(525 491 1028 1062)
4(422 525 1062 959)
4(525 423 960 1062)
4(86 623 796 259)
4(258 86 623 795)
4(421 258 795 958)
4(394 931 1029 492)
4(394 421 958 931)
4(423 394 931 960)
4(59 222 759 596)
4(176 713 759 222)
4(422 959 871 334)
4(334 871 713 176)
4(334 525 1062 871)
4(423 960 837 300)
4(525 300 837 1062)
4(258 87 624 795)
4(268 805 958 421)
4(268 258 795 805)
4(394 268 805 931)
4(423 335 872 960)
4(335 394 931 872)
4(222 759 597 60)
4(334 871 759 222)
4(525 1062 1039 502)
4(502 1039 871 334)
4(300 335 872 837)
4(300 837 1039 502)
4(268 87 624 805)
4(223 760 931 394)
4(223 268 805 760)
4(223 760 872 335)
4(60 267 804 597)
4(222 759 804 267)
4(334 871 981 444)
4(222 444 981 759)
4(502 1039 981 444)
4(300 447 984 837)
4(335 872 984 447)
4(502 447 984 1039)
4(88 625 805 268)
4(223 88 625 760)
4(269 223 760 806)
4(269 806 872 335)
4(267 804 598 61)
4(444 981 804 267)
4(444 379 916 981)
4(379 502 1039 916)
4(395 335 872 932)
4(395 932 984 447)
4(381 918 1039 502)
4(381 447 984 918)
4(223 89 626 760)
4(269 89 626 806)
4(395 269 806 932)
4(245 782 598 61)
4(267 804 782 245)
4(267 379 916 804)
4(379 322 859 916)
4(502 1039 859 322)
4(447 503 1040 984)
4(503 395 932 1040)
4(448 985 1039 502)
4(381 918 985 448)
4(381 503 1040 918)
4(90 627 806 269)
4(246 269 806 783)
4(395 246 783 932)
4(245 782 599 62)
4(379 916 782 245)
4(245 322 859 782)
4(448 985 859 322)
4(442 395 932 979)
4(442 979 1040 503)
4(446 381 918 983)
4(448 446 983 985)
4(503 1040 983 446)
4(246 90 627 783)
4(442 246 783 979)
4(245 782 729 192)
4(192 729 599 62)
4(192 322 859 729)
4(445 982 859 322)
4(448 985 982 445)
4(377 914 1040 503)
4(377 442 979 914)
4(448 295 832 985)
4(446 983 832 295)
4(446 377 914 983)
4(246 91 628 783)
4(247 784 979 442)
4(247 246 783 784)
4(192 729 600 63)
4(322 859 917 380)
4(192 380 917 729)
4(380 445 982 917)
4(295 832 982 445)
4(377 247 784 914)
4(446 983 858 321)
4(295 321 858 832)
4(321 377 914 858)
4(247 91 628 784)
4(192 729 781 244)
4(63 244 781 600)
4(380 917 781 244)
4(380 323 860 917)
4(323 445 982 860)
4(445 403 940 982)
4(403 295 832 940)
4(193 730 914 377)
4(193 247 784 730)
4(472 1009 832 295)
4(321 858 1009 472)
4(321 193 730 858)
4(92 629 784 247)
4(244 781 601 64)
4(323 860 781 244)
4(323 403 940 860)
4(472 1009 940 403)
4(193 92 629 730)
4(378 321 858 915)
4(378 915 1009 472)
4(321 159 696 858)
4(159 193 730 696)
4(244 781 814 277)
4(64 277 814 601)
4(323 860 814 277)
4(323 449 986 860)
4(403 940 986 449)
4(343 472 1009 880)
4(403 343 880 940)
4(93 630 730 193)
4(378 159 696 915)
4(378 915 880 343)
4(159 93 630 696)
4(277 814 602 65)
4(323 860 919 382)
4(277 382 919 814)
4(449 986 919 382)
4(474 403 940 1011)
4(449 474 1011 986)
4(343 880 1011 474)
4(194 159 696 731)
4(194 731 915 378)
4(378 915 980 443)
4(343 443 980 880)
4(159 94 631 696)
4(277 814 800 263)
4(263 800 602 65)
4(382 919 800 263)
4(344 449 986 881)
4(382 344 881 919)
4(474 1011 881 344)
4(343 880 941 404)
4(404 941 1011 474)
4(194 94 631 731)
4(443 194 731 980)
4(443 980 941 404)
4(263 800 603 66)
4(263 344 881 800)
4(471 1008 881 344)
4(474 1011 1008 471)
4(304 841 1011 474)
4(404 941 841 304)
4(194 95 632 731)
4(213 194 731 750)
4(213 750 980 443)
4(443 980 1010 473)
4(404 473 1010 941)
4(263 800 751 214)
4(214 751 603 66)
4(214 344 881 751)
4(344 402 939 881)
4(471 1008 939 402)
4(304 841 1008 471)
4(404 941 878 341)
4(304 341 878 841)
4(213 95 632 750)
4(473 213 750 1010)
4(341 473 1010 878)
4(214 751 537 0)
4(214 402 939 751)
4(402 342 879 939)
4(471 1008 879 342)
4(468 1005 1008 471)
4(304 841 1005 468)
4(304 470 1007 841)
4(341 878 1007 470)
4(96 633 750 213)
4(170 213 750 707)
4(473 170 707 1010)
4(518 473 1010 1055)
4(341 518 1055 878)
4(214 751 799 262)
4(0 262 799 537)
4(402 939 799 262)
4(342 879 799 262)
4(468 1005 879 342)
4(470 1007 1005 468)
4(341 878 937 400)
4(400 937 1007 470)
4(170 96 633 707)
4(518 170 707 1055)
4(467 1004 878 341)
4(518 1055 1004 467)
4(262 799 538 1)
4(262 287 824 799)
4(342 879 824 287)
4(468 1005 938 401)
4(342 401 938 879)
4(470 1007 938 401)
4(467 1004 937 400)
4(466 400 937 1003)
4(466 1003 1007 470)
4(170 14 551 707)
4(215 752 1055 518)
4(215 170 707 752)
4(215 752 1004 467)
4(1 287 824 538)
4(287 417 954 824)
4(342 879 954 417)
4(487 1024 879 342)
4(487 401 938 1024)
4(401 469 1006 938)
4(470 1007 1006 469)
4(264 467 1004 801)
4(400 264 801 937)
4(400 937 792 255)
4(466 255 792 1003)
4(357 894 1007 470)
4(357 466 1003 894)
4(215 14 551 752)
4(264 215 752 801)
4(287 824 539 2)
4(287 275 812 824)
4(417 954 812 275)
4(487 1024 954 417)
4(401 938 848 311)
4(487 311 848 1024)
4(311 469 1006 848)
4(469 357 894 1006)
4(255 264 801 792)
4(203 255 792 740)
4(466 203 740 1003)
4(466 1003 1054 517)
4(357 517 1054 894)
4(215 15 552 752)
4(264 15 552 801)
4(275 812 539 2)
4(417 954 893 356)
4(275 356 893 812)
4(487 1024 893 356)
4(420 957 1024 487)
4(311 848 957 420)
4(311 357 894 848)
4(16 264 801 553)
4(255 16 553 792)
4(17 255 792 554)
4(203 17 554 740)
4(517 203 740 1054)
4(418 955 894 357)
4(517 1054 955 418)
4(275 812 540 3)
4(275 232 769 812)
4(356 893 769 232)
4(356 420 957 893)
4(358 311 848 895)
4(358 895 957 420)
4(357 894 1025 488)
4(488 1025 848 311)
4(18 555 740 203)
4(517 164 701 1054)
4(164 203 740 701)
4(418 955 1025 488)
4(164 701 955 418)
4(232 769 540 3)
4(232 310 847 769)
4(356 893 847 310)
4(356 523 1060 893)
4(420 957 1060 523)
4(488 1025 895 358)
4(489 1026 957 420)
4(489 358 895 1026)
4(164 18 555 701)
4(482 418 955 1019)
4(482 1019 1025 488)
4(204 741 955 418)
4(204 164 701 741)
4(232 769 541 4)
4(232 181 718 769)
4(181 310 847 718)
4(523 1060 847 310)
4(523 489 1026 1060)
4(488 1025 1061 524)
4(524 1061 895 358)
4(489 419 956 1026)
4(419 358 895 956)
4(164 19 556 701)
4(482 204 741 1019)
4(524 482 1019 1061)
4(204 19 556 741)
4(181 718 541 4)
4(181 355 892 718)
4(310 847 892 355)
4(486 1023 847 310)
4(523 1060 1023 486)
4(489 1026 828 291)
4(523 291 828 1060)
4(490 1027 895 358)
4(524 1061 1027 490)
4(419 956 828 291)
4(490 1027 956 419)
4(274 204 741 811)
4(274 811 1019 482)
4(413 482 1019 950)
4(524 413 950 1061)
4(204 20 557 741)
4(181 718 542 5)
4(181 231 768 718)
4(355 892 768 231)
4(486 1023 892 355)
4(291 828 1023 486)
4(352 524 1061 889)
4(490 352 889 1027)
4(354 891 828 291)
4(419 956 891 354)
4(309 490 1027 846)
4(309 846 956 419)
4(274 20 557 811)
4(413 274 811 950)
4(352 413 950 889)
4(5 231 768 542)
4(231 411 948 768)
4(355 892 948 411)
4(485 1022 892 355)
4(485 486 1023 1022)
4(291 828 953 416)
4(416 953 1023 486)
4(352 889 846 309)
4(354 891 953 416)
4(354 309 846 891)
4(21 558 811 274)
4(230 767 950 413)
4(230 274 811 767)
4(352 230 767 889)
4(231 768 543 6)
4(231 227 764 768)
4(227 411 948 764)
4(485 1022 948 411)
4(485 416 953 1022)
4(415 352 889 952)
4(415 952 846 309)
4(534 1071 953 416)
4(534 354 891 1071)
4(483 309 846 1020)
4(483 1020 891 354)
4(230 21 558 767)
4(352 180 717 889)
4(180 230 767 717)
4(227 764 543 6)
4(227 397 934 764)
4(411 948 934 397)
4(485 1022 887 350)
4(350 887 948 411)
4(416 953 887 350)
4(415 180 717 952)
4(309 353 890 846)
4(415 952 890 353)
4(416 484 1021 953)
4(484 534 1071 1021)
4(354 891 1059 522)
4(534 522 1059 1071)
4(353 890 1020 483)
4(522 483 1020 1059)
4(22 559 767 230)
4(180 22 559 717)
4(227 764 544 7)
4(227 178 715 764)
4(397 934 715 178)
4(397 350 887 934)
4(350 484 1021 887)
4(155 692 952 415)
4(155 180 717 692)
4(155 692 890 353)
4(308 534 1071 845)
4(308 845 1021 484)
4(522 1059 845 308)
4(414 353 890 951)
4(483 414 951 1020)
4(483 1020 888 351)
4(522 351 888 1059)
4(23 560 717 180)
4(178 715 544 7)
4(178 336 873 715)
4(397 934 873 336)
4(350 887 1050 513)
4(513 1050 934 397)
4(410 484 1021 947)
4(350 410 947 887)
4(155 23 560 692)
4(182 719 890 353)
4(182 155 692 719)
4(308 845 947 410)
4(522 1059 1058 521)
4(521 1058 845 308)
4(414 182 719 951)
4(414 951 888 351)
4(351 888 1058 521)
4(178 715 545 8)
4(178 154 691 715)
4(154 336 873 691)
4(397 934 999 462)
4(336 462 999 873)
4(410 947 1050 513)
4(513 1050 999 462)
4(155 24 561 692)
4(182 24 561 719)
4(349 308 845 886)
4(349 886 947 410)
4(521 1058 886 349)
4(261 182 719 798)
4(261 798 951 414)
4(481 414 951 1018)
4(351 481 1018 888)
4(351 888 949 412)
4(412 949 1058 521)
4(154 691 545 8)
4(154 396 933 691)
4(336 873 933 396)
4(301 838 873 336)
4(301 462 999 838)
4(513 512 1049 1050)
4(410 947 1049 512)
4(462 512 1049 999)
4(182 25 562 719)
4(479 1016 947 410)
4(479 349 886 1016)
4(521 1058 1017 480)
4(349 480 1017 886)
4(261 25 562 798)
4(481 261 798 1018)
4(481 1018 949 412)
4(480 412 949 1017)
4(154 691 546 9)
4(154 179 716 691)
4(396 933 716 179)
4(461 336 873 998)
4(461 998 933 396)
4(461 301 838 998)
4(301 512 1049 838)
4(512 479 1016 1049)
4(520 1057 1016 479)
4(520 349 886 1057)
4(349 533 1070 886)
4(533 480 1017 1070)
4(26 563 798 261)
4(211 748 1018 481)
4(211 261 798 748)
4(412 211 748 949)
4(412 949 705 168)
4(480 168 705 1017)
4(9 179 716 546)
4(179 454 991 716)
4(396 933 991 454)
4(396 529 1066 933)
4(461 998 1066 529)
4(516 1053 998 461)
4(301 838 1053 516)
4(475 1012 838 301)
4(512 1049 1012 475)
4(408 479 1016 945)
4(512 408 945 1049)
4(408 520 1057 945)
4(533 1070 1057 520)
4(480 1017 827 290)
4(533 290 827 1070)
4(211 26 563 748)
4(168 211 748 705)
4(480 405 942 1017)
4(405 168 705 942)
4(179 716 547 10)
4(179 228 765 716)
4(454 991 765 228)
4(529 1066 991 454)
4(516 1053 1066 529)
4(301 838 1001 464)
4(464 1001 1053 516)
4(475 1012 1001 464)
4(475 408 945 1012)
4(520 1057 1072 535)
4(408 535 1072 945)
4(306 843 1057 520)
4(306 533 1070 843)
4(405 942 827 290)
4(533 307 844 1070)
4(290 827 844 307)
4(27 564 748 211)
4(168 27 564 705)
4(168 705 565 28)
4(28 565 942 405)
4(10 228 765 547)
4(228 387 924 765)
4(454 991 924 387)
4(454 507 1044 991)
4(529 1066 1044 507)
4(529 528 1065 1066)
4(528 516 1053 1065)
4(465 1002 1053 516)
4(465 464 1001 1002)
4(464 337 874 1001)
4(337 475 1012 874)
4(408 945 1073 536)
4(475 536 1073 1012)
4(532 520 1057 1069)
4(535 532 1069 1072)
4(536 535 1072 1073)
4(532 306 843 1069)
4(307 844 843 306)
4(405 942 883 346)
4(290 346 883 827)
4(290 827 943 406)
4(307 406 943 844)
4(345 882 942 405)
4(28 565 882 345)
4(228 765 548 11)
4(228 206 743 765)
4(387 924 743 206)
4(387 507 1044 924)
4(507 528 1065 1044)
4(528 465 1002 1065)
4(465 399 936 1002)
4(399 464 1001 936)
4(514 1051 1001 464)
4(337 874 1051 514)
4(337 536 1073 874)
4(532 1069 885 348)
4(535 348 885 1072)
4(536 476 1013 1073)
4(476 535 1072 1013)
4(306 843 1056 519)
4(532 519 1056 1069)
4(519 307 844 1056)
4(346 345 882 883)
4(406 346 883 943)
4(162 699 844 307)
4(162 406 943 699)
4(171 28 565 708)
4(171 708 882 345)
4(206 743 548 11)
4(206 327 864 743)
4(387 924 864 327)
4(387 453 990 924)
4(507 1044 990 453)
4(507 506 1043 1044)
4(506 528 1065 1043)
4(528 329 866 1065)
4(465 1002 866 329)
4(465 458 995 1002)
4(458 399 936 995)
4(399 514 1051 936)
4(337 874 935 398)
4(398 935 1051 514)
4(476 1013 874 337)
4(519 1056 885 348)
4(348 885 1013 476)
4(199 307 844 736)
4(199 736 1056 519)
4(305 345 882 842)
4(346 305 842 883)
4(406 200 737 943)
4(346 883 737 200)
4(199 162 699 736)
4(162 200 737 699)
4(171 106 643 708)
4(305 171 708 842)
4(206 743 549 12)
4(206 165 702 743)
4(165 327 864 702)
4(327 453 990 864)
4(453 506 1043 990)
4(329 866 1043 506)
4(465 1002 927 390)
4(329 390 927 866)
4(390 458 995 927)
4(508 1045 995 458)
4(508 399 936 1045)
4(515 514 1051 1052)
4(399 515 1052 936)
4(476 1013 935 398)
4(463 1000 1051 514)
4(463 398 935 1000)
4(478 1015 885 348)
4(478 519 1056 1015)
4(409 348 885 946)
4(409 946 1013 476)
4(249 786 1056 519)
4(249 199 736 786)
4(346 250 787 883)
4(305 842 787 250)
4(200 250 787 737)
4(162 699 645 108)
4(199 108 645 736)
4(162 109 646 699)
4(109 200 737 646)
4(217 106 643 754)
4(217 754 708 171)
4(347 171 708 884)
4(347 884 842 305)
4(165 702 549 12)
4(165 429 966 702)
4(327 864 966 429)
4(297 453 990 834)
4(297 834 864 327)
4(297 506 1043 834)
4(391 928 1043 506)
4(391 329 866 928)
4(510 1047 866 329)
4(390 927 1047 510)
4(509 1046 927 390)
4(458 995 1046 509)
4(458 285 822 995)
4(285 508 1045 822)
4(399 936 1068 531)
4(508 531 1068 1045)
4(515 463 1000 1052)
4(531 515 1052 1068)
4(477 476 1013 1014)
4(398 477 1014 935)
4(398 935 714 177)
4(463 177 714 1000)
4(478 1015 946 409)
4(249 786 1015 478)
4(477 409 946 1014)
4(199 736 644 107)
4(249 107 644 786)
4(305 842 817 280)
4(250 280 817 787)
4(200 110 647 737)
4(110 250 787 647)
4(105 642 754 217)
4(217 754 884 347)
4(280 347 884 817)
4(165 702 550 13)
4(165 238 775 702)
4(429 966 775 238)
4(432 327 864 969)
4(432 969 966 429)
4(432 297 834 969)
4(391 928 834 297)
4(510 1047 928 391)
4(390 927 996 459)
4(459 996 1047 510)
4(459 509 1046 996)
4(458 995 766 229)
4(509 229 766 1046)
4(229 285 822 766)
4(271 508 1045 808)
4(285 271 808 822)
4(271 531 1068 808)
4(226 463 1000 763)
4(515 226 763 1052)
4(531 272 809 1068)
4(272 515 1052 809)
4(398 225 762 935)
4(225 477 1014 762)
4(177 225 762 714)
4(226 177 714 763)
4(279 478 1015 816)
4(409 279 816 946)
4(279 249 786 816)
4(477 270 807 1014)
4(409 946 807 270)
4(249 153 690 786)
4(250 111 648 787)
4(111 280 817 648)
4(198 105 642 735)
4(198 735 754 217)
4(407 217 754 944)
4(407 944 884 347)
4(216 347 884 753)
4(280 216 753 817)
4(13 238 775 550)
4(238 364 901 775)
4(429 966 901 364)
4(429 428 965 966)
4(428 432 969 965)
4(297 834 968 431)
4(432 431 968 969)
4(297 328 865 834)
4(391 928 865 328)
4(391 530 1067 928)
4(510 1047 1067 530)
4(511 1048 1047 510)
4(511 459 996 1048)
4(273 509 1046 810)
4(273 810 996 459)
4(273 229 766 810)
4(229 145 682 766)
4(145 285 822 682)
4(285 146 683 822)
4(271 808 683 146)
4(271 272 809 808)
4(272 226 763 809)
4(225 270 807 762)
4(177 150 687 714)
4(150 225 762 687)
4(177 714 686 149)
4(226 149 686 763)
4(270 279 816 807)
4(279 153 690 816)
4(280 817 649 112)
4(104 641 735 198)
4(198 735 944 407)
4(407 944 753 216)
4(216 753 649 112)
4(238 775 604 67)
4(238 187 724 775)
4(364 901 724 187)
4(364 428 965 901)
4(366 432 969 903)
4(366 903 965 428)
4(328 865 968 431)
4(366 431 968 903)
4(328 530 1067 865)
4(530 511 1048 1067)
4(286 459 996 823)
4(511 286 823 1048)
4(286 273 810 823)
4(229 766 681 144)
4(273 144 681 810)
4(271 808 684 147)
4(147 272 809 684)
4(226 763 685 148)
4(272 148 685 809)
4(225 151 688 762)
4(151 270 807 688)
4(152 279 816 689)
4(270 152 689 807)
4(161 104 641 698)
4(161 698 735 198)
4(407 265 802 944)
4(198 735 802 265)
4(216 265 802 753)
4(216 753 650 113)
4(187 724 604 67)
4(364 901 852 315)
4(187 315 852 724)
4(315 428 965 852)
4(430 967 965 428)
4(430 366 903 967)
4(389 328 865 926)
4(389 926 968 431)
4(366 497 1034 903)
4(431 968 1034 497)
4(388 925 865 328)
4(530 1067 925 388)
4(530 455 992 1067)
4(455 511 1048 992)
4(289 826 1048 511)
4(289 286 823 826)
4(273 810 680 143)
4(286 143 680 823)
4(161 103 640 698)
4(284 821 735 198)
4(284 161 698 821)
4(284 821 802 265)
4(113 265 802 650)
4(187 724 605 68)
4(187 157 694 724)
4(157 315 852 694)
4(494 1031 852 315)
4(494 428 965 1031)
4(428 293 830 965)
4(293 430 967 830)
4(497 1034 967 430)
4(456 328 865 993)
4(389 456 993 926)
4(389 926 1034 497)
4(388 925 993 456)
4(388 455 992 925)
4(455 289 826 992)
4(286 823 679 142)
4(289 142 679 826)
4(197 734 698 161)
4(197 103 640 734)
4(197 734 821 284)
4(265 114 651 802)
4(114 284 821 651)
4(157 694 605 68)
4(315 852 900 363)
4(157 363 900 694)
4(494 1031 900 363)
4(494 293 830 1031)
4(496 430 967 1033)
4(293 496 1033 830)
4(316 853 967 430)
4(316 497 1034 853)
4(205 742 926 389)
4(205 456 993 742)
4(457 389 926 994)
4(497 457 994 1034)
4(456 256 793 993)
4(388 925 793 256)
4(282 455 992 819)
4(388 282 819 925)
4(282 289 826 819)
4(141 678 826 289)
4(197 102 639 734)
4(197 734 755 218)
4(284 218 755 821)
4(284 821 652 115)
4(157 694 606 69)
4(157 188 725 694)
4(363 900 725 188)
4(363 427 964 900)
4(494 1031 964 427)
4(293 830 1063 526)
4(526 1063 1031 494)
4(316 853 1033 496)
4(526 496 1033 1063)
4(497 1034 902 365)
4(316 365 902 853)
4(257 794 926 389)
4(257 205 742 794)
4(205 256 793 742)
4(457 257 794 994)
4(365 457 994 902)
4(256 282 819 793)
4(282 141 678 819)
4(278 815 734 197)
4(278 102 639 815)
4(278 815 755 218)
4(218 755 652 115)
4(69 188 725 606)
4(188 426 963 725)
4(363 900 963 426)
4(363 495 1032 900)
4(427 964 1032 495)
4(427 526 1063 964)
4(367 316 853 904)
4(367 904 1033 496)
4(433 496 1033 970)
4(526 433 970 1063)
4(316 236 773 853)
4(236 365 902 773)
4(205 742 675 138)
4(257 138 675 794)
4(205 139 676 742)
4(139 256 793 676)
4(283 820 994 457)
4(283 257 794 820)
4(365 283 820 902)
4(140 282 819 677)
4(256 140 677 793)
4(101 638 815 278)
4(218 172 709 755)
4(278 815 709 172)
4(218 755 653 116)
4(188 725 607 70)
4(188 239 776 725)
4(426 963 776 239)
4(495 1032 963 426)
4(439 427 964 976)
4(495 439 976 1032)
4(526 1063 854 317)
4(317 854 964 427)
4(316 853 723 186)
4(367 186 723 904)
4(367 904 970 433)
4(433 970 854 317)
4(186 236 773 723)
4(236 283 820 773)
4(257 137 674 794)
4(283 137 674 820)
4(278 248 785 815)
4(248 101 638 785)
4(172 709 653 116)
4(248 785 709 172)
4(70 239 776 607)
4(426 963 1030 493)
4(239 493 1030 776)
4(495 1032 1030 493)
4(317 854 976 439)
4(495 368 905 1032)
4(439 976 905 368)
4(237 186 723 774)
4(237 774 904 367)
4(434 367 904 971)
4(434 971 970 433)
4(433 970 906 369)
4(317 369 906 854)
4(186 135 672 723)
4(135 236 773 672)
4(136 283 820 673)
4(236 136 673 773)
4(100 637 785 248)
4(172 709 654 117)
4(172 219 756 709)
4(248 785 756 219)
4(239 776 608 71)
4(239 242 779 776)
4(493 1030 779 242)
4(368 905 1030 493)
4(372 909 976 439)
4(372 317 854 909)
4(439 976 972 435)
4(435 972 905 368)
4(186 723 671 134)
4(237 134 671 774)
4(434 237 774 971)
4(369 434 971 906)
4(498 1035 854 317)
4(369 906 1035 498)
4(196 733 785 248)
4(196 100 637 733)
4(117 219 756 654)
4(219 196 733 756)
4(71 242 779 608)
4(493 1030 908 371)
4(242 371 908 779)
4(368 905 908 371)
4(435 372 909 972)
4(498 1035 909 372)
4(435 972 908 371)
4(237 133 670 774)
4(276 813 971 434)
4(276 237 774 813)
4(276 813 906 369)
4(436 369 906 973)
4(498 436 973 1035)
4(99 636 733 196)
4(219 756 655 118)
4(266 803 756 219)
4(266 196 733 803)
4(242 779 609 72)
4(242 190 727 779)
4(371 908 727 190)
4(372 909 831 294)
4(294 831 972 435)
4(498 1035 856 319)
4(372 319 856 909)
4(371 318 855 908)
4(318 435 972 855)
4(276 133 670 813)
4(288 825 906 369)
4(288 276 813 825)
4(436 288 825 973)
4(319 436 973 856)
4(160 697 733 196)
4(160 99 636 697)
4(118 266 803 655)
4(266 160 697 803)
4(190 727 609 72)
4(190 318 855 727)
4(294 319 856 831)
4(318 294 831 855)
4(276 132 669 813)
4(288 132 669 825)
4(240 777 973 436)
4(240 288 825 777)
4(319 240 777 856)
4(160 98 635 697)
4(266 803 656 119)
4(195 160 697 732)
4(266 195 732 803)
4(190 727 610 73)
4(190 158 695 727)
4(158 318 855 695)
4(319 856 913 376)
4(294 376 913 831)
4(499 1036 855 318)
4(294 831 1036 499)
4(131 668 825 288)
4(240 131 668 777)
4(189 240 777 726)
4(319 189 726 856)
4(195 98 635 732)
4(266 803 712 175)
4(175 712 656 119)
4(175 195 732 712)
4(158 695 610 73)
4(318 855 907 370)
4(158 370 907 695)
4(373 319 856 910)
4(376 373 910 913)
4(294 437 974 831)
4(437 376 913 974)
4(499 1036 907 370)
4(437 974 1036 499)
4(130 667 777 240)
4(189 130 667 726)
4(373 189 726 910)
4(97 634 732 195)
4(175 712 657 120)
4(175 40 577 712)
4(40 195 732 577)
4(158 695 611 74)
4(158 191 728 695)
4(370 907 728 191)
4(376 320 857 913)
4(320 373 910 857)
4(437 320 857 974)
4(499 1036 975 438)
4(370 438 975 907)
4(438 437 974 975)
4(189 129 666 726)
4(241 778 910 373)
4(241 189 726 778)
4(41 578 732 195)
4(41 97 634 578)
4(39 175 712 576)
4(39 576 657 120)
4(74 191 728 611)
4(191 438 975 728)
4(241 778 857 320)
4(441 320 857 978)
4(441 978 974 437)
4(500 1037 975 438)
4(500 437 974 1037)
4(241 129 666 778)
4(191 728 612 75)
4(191 243 780 728)
4(438 975 780 243)
4(281 241 778 818)
4(281 818 857 320)
4(375 320 857 912)
4(441 375 912 978)
4(437 527 1064 974)
4(441 978 1064 527)
4(438 501 1038 975)
4(501 500 1037 1038)
4(527 1064 1037 500)
4(241 128 665 778)
4(75 243 780 612)
4(243 501 1038 780)
4(281 128 665 818)
4(375 281 818 912)
4(441 374 911 978)
4(374 375 912 911)
4(374 911 1064 527)
4(501 386 923 1038)
4(386 500 1037 923)
4(500 505 1042 1037)
4(527 1064 1042 505)
4(243 780 613 76)
4(501 1038 797 260)
4(243 260 797 780)
4(127 664 818 281)
4(253 281 818 790)
4(375 253 790 912)
4(451 375 912 988)
4(451 988 911 374)
4(504 1041 1064 527)
4(374 911 1041 504)
4(260 386 923 797)
4(386 505 1042 923)
4(505 504 1041 1042)
4(76 260 797 613)
4(253 127 664 790)
4(451 253 790 988)
4(384 921 911 374)
4(451 988 921 384)
4(374 911 977 440)
4(440 977 1041 504)
4(260 209 746 797)
4(386 923 746 209)
4(386 326 863 923)
4(505 1042 863 326)
4(505 452 989 1042)
4(452 504 1041 989)
4(260 797 614 77)
4(253 126 663 790)
4(254 791 988 451)
4(254 253 790 791)
4(440 384 921 977)
4(384 254 791 921)
4(296 833 1041 504)
4(440 977 833 296)
4(209 746 614 77)
4(209 326 863 746)
4(452 989 863 326)
4(296 833 989 452)
4(254 126 663 791)
4(440 325 862 977)
4(325 384 921 862)
4(202 739 921 384)
4(202 254 791 739)
4(296 325 862 833)
4(209 746 615 78)
4(209 167 704 746)
4(167 326 863 704)
4(452 989 922 385)
4(385 922 863 326)
4(296 833 922 385)
4(125 662 791 254)
4(325 202 739 862)
4(202 125 662 739)
4(296 450 987 833)
4(325 862 987 450)
4(167 704 615 78)
4(326 863 870 333)
4(167 333 870 704)
4(385 922 870 333)
4(324 296 833 861)
4(324 861 922 385)
4(163 202 739 700)
4(325 163 700 862)
4(124 661 739 202)
4(450 987 861 324)
4(340 325 862 877)
4(340 877 987 450)
4(167 704 616 79)
4(167 210 747 704)
4(333 870 747 210)
4(333 299 836 870)
4(299 385 922 836)
4(332 869 922 385)
4(332 324 861 869)
4(163 124 661 700)
4(340 163 700 877)
4(324 383 920 861)
4(450 987 920 383)
4(303 840 987 450)
4(303 340 877 840)
4(79 210 747 616)
4(210 299 836 747)
4(299 332 869 836)
4(251 324 861 788)
4(332 251 788 869)
4(163 123 660 700)
4(221 758 877 340)
4(221 163 700 758)
4(201 738 861 324)
4(201 383 920 738)
4(383 303 840 920)
4(303 221 758 840)
4(210 747 617 80)
4(210 173 710 747)
4(299 836 710 173)
4(220 332 869 757)
4(299 220 757 836)
4(251 201 738 788)
4(220 251 788 757)
4(221 123 660 758)
4(383 920 789 252)
4(201 252 789 738)
4(252 303 840 789)
4(174 711 840 303)
4(174 221 758 711)
4(173 710 617 80)
4(173 220 757 710)
4(201 738 584 47)
4(251 47 584 788)
4(46 251 788 583)
4(220 46 583 757)
4(122 659 758 221)
4(201 48 585 738)
4(48 252 789 585)
4(252 174 711 789)
4(174 122 659 711)
4(173 710 618 81)
4(45 220 757 582)
4(173 45 582 710)
4(252 789 586 49)
4(174 711 586 49)
4(121 658 711 174)
4(173 710 581 44)
4(44 581 618 81)
4(174 711 587 50)
4(121 658 587 50)
4(37 52 589 574)
4(42 97 634 579)
4(43 580 618 81)
4(82 29 566 619)
4(38 575 657 120)
4(8 9 546 545)
4(24 23 560 561)
4(68 69 606 605)
4(73 74 611 610)
4(94 93 630 631)
4(98 99 636 635)
4(103 104 641 640)
4(108 109 646 645)
4(19 18 555 556)
4(12 13 550 549)
4(84 83 620 621)
4(78 79 616 615)
4(28 27 564 565)
4(52 53 590 589)
4(14 96 633 551)
4(106 28 565 643)
4(116 117 654 653)
4(80 81 618 617)
4(119 120 657 656)
4(58 59 596 595)
4(7 8 545 544)
4(9 10 547 546)
4(23 22 559 560)
4(4 5 542 541)
4(25 24 561 562)
4(55 56 593 592)
4(67 68 605 604)
4(69 70 607 606)
4(72 73 610 609)
4(74 75 612 611)
4(62 63 600 599)
4(93 92 629 630)
4(95 94 631 632)
4(97 98 635 634)
4(99 100 637 636)
4(102 103 640 639)
4(104 105 642 641)
4(107 108 645 644)
4(109 110 647 646)
4(18 17 554 555)
4(20 19 556 557)
4(11 12 549 548)
4(85 84 621 622)
4(83 82 619 620)
4(77 78 615 614)
4(79 80 617 616)
4(27 26 563 564)
4(53 54 591 590)
4(96 95 632 633)
4(66 0 537 603)
4(15 14 551 552)
4(112 113 650 649)
4(105 106 643 642)
4(115 116 653 652)
4(117 118 655 654)
4(59 60 597 596)
4(89 88 625 626)
4(57 58 595 594)
4(6 7 544 543)
4(10 11 548 547)
4(22 21 558 559)
4(5 6 543 542)
4(3 4 541 540)
4(56 57 594 593)
4(54 55 592 591)
4(13 67 604 550)
4(70 71 608 607)
4(71 72 609 608)
4(75 76 613 612)
4(63 64 601 600)
4(61 62 599 598)
4(91 90 627 628)
4(92 91 628 629)
4(100 101 638 637)
4(110 111 648 647)
4(17 16 553 554)
4(87 86 623 624)
4(86 85 622 623)
4(76 77 614 613)
4(26 25 562 563)
4(0 1 538 537)
4(65 66 603 602)
4(16 15 552 553)
4(113 114 651 650)
4(118 119 656 655)
4(60 61 598 597)
4(88 87 624 625)
4(90 89 626 627)
4(21 20 557 558)
4(2 3 540 539)
4(64 65 602 601)
4(101 102 639 638)
4(111 112 649 648)
4(114 115 652 651)
4(1 2 539 538)
4(36 37 574 573)
4(30 567 566 29)
4(33 34 571 570)
4(35 36 573 572)
4(32 33 570 569)
4(34 35 572 571)
4(30 31 568 567)
4(31 32 569 568)
4(41 42 579 578)
4(38 39 576 575)
4(39 40 577 576)
4(40 41 578 577)
4(43 44 581 580)
4(51 588 587 50)
4(44 45 582 581)
4(49 50 587 586)
4(47 48 585 584)
4(45 46 583 582)
4(46 47 584 583)
4(48 49 586 585)
4(51 121 658 588)
4(123 124 661 660)
4(121 122 659 658)
4(149 150 687 686)
4(134 135 672 671)
4(129 130 667 666)
4(124 125 662 661)
4(138 139 676 675)
4(122 123 660 659)
4(150 151 688 687)
4(148 149 686 685)
4(144 145 682 681)
4(135 136 673 672)
4(133 134 671 670)
4(130 131 668 667)
4(128 129 666 665)
4(153 107 644 690)
4(126 127 664 663)
4(125 126 663 662)
4(139 140 677 676)
4(137 138 675 674)
4(151 152 689 688)
4(146 147 684 683)
4(147 148 685 684)
4(143 144 681 680)
4(132 133 670 669)
4(152 153 690 689)
4(127 128 665 664)
4(140 141 678 677)
4(136 137 674 673)
4(145 146 683 682)
4(142 143 680 679)
4(131 132 669 668)
4(141 142 679 678)
3(36 52 37)
3(573 574 589)
3(41 97 42)
3(578 579 634)
3(43 81 44)
3(580 581 618)
3(30 29 82)
3(567 619 566)
3(51 50 121)
3(588 658 587)
3(38 120 39)
3(575 576 657)
3(154 9 8)
3(691 545 546)
3(155 23 24)
3(692 561 560)
3(156 34 33)
3(693 570 571)
3(157 69 68)
3(694 605 606)
3(158 74 73)
3(695 610 611)
3(159 93 94)
3(696 631 630)
3(160 99 98)
3(697 635 636)
3(161 104 103)
3(698 640 641)
3(162 109 108)
3(699 645 646)
3(163 124 123)
3(700 660 661)
3(164 18 19)
3(701 556 555)
3(165 13 12)
3(702 549 550)
3(166 83 84)
3(703 621 620)
3(167 79 78)
3(704 615 616)
3(168 27 28)
3(705 565 564)
3(169 36 35)
3(706 572 573)
3(36 169 52)
3(573 589 706)
3(169 53 52)
3(706 589 590)
3(170 96 14)
3(707 551 633)
3(171 28 106)
3(708 643 565)
3(172 117 116)
3(709 653 654)
3(173 81 80)
3(710 617 618)
3(173 45 44)
3(710 581 582)
3(81 173 44)
3(618 581 710)
3(174 50 49)
3(711 586 587)
3(50 174 121)
3(587 658 711)
3(174 122 121)
3(711 658 659)
3(175 120 119)
3(712 656 657)
3(120 175 39)
3(657 576 712)
3(175 40 39)
3(712 576 577)
3(176 59 58)
3(713 595 596)
3(177 150 149)
3(714 686 687)
3(178 154 8)
3(715 545 691)
3(178 8 7)
3(715 544 545)
3(154 179 9)
3(691 546 716)
3(179 10 9)
3(716 546 547)
3(155 180 23)
3(692 560 717)
3(180 22 23)
3(717 560 559)
3(181 5 4)
3(718 541 542)
3(182 155 24)
3(719 561 692)
3(182 24 25)
3(719 562 561)
3(183 56 55)
3(720 592 593)
3(184 156 33)
3(721 570 693)
3(184 33 32)
3(721 569 570)
3(185 169 35)
3(722 572 706)
3(156 185 34)
3(693 571 722)
3(185 35 34)
3(722 571 572)
3(186 135 134)
3(723 671 672)
3(187 157 68)
3(724 605 694)
3(187 68 67)
3(724 604 605)
3(157 188 69)
3(694 606 725)
3(188 70 69)
3(725 606 607)
3(189 130 129)
3(726 666 667)
3(190 158 73)
3(727 610 695)
3(190 73 72)
3(727 609 610)
3(158 191 74)
3(695 611 728)
3(191 75 74)
3(728 611 612)
3(192 63 62)
3(729 599 600)
3(159 193 93)
3(696 630 730)
3(193 92 93)
3(730 630 629)
3(194 159 94)
3(731 631 696)
3(194 94 95)
3(731 632 631)
3(41 195 97)
3(578 634 732)
3(175 195 40)
3(712 577 732)
3(195 41 40)
3(732 577 578)
3(195 160 98)
3(732 635 697)
3(195 98 97)
3(732 634 635)
3(160 196 99)
3(697 636 733)
3(196 100 99)
3(733 636 637)
3(197 161 103)
3(734 640 698)
3(197 103 102)
3(734 639 640)
3(161 198 104)
3(698 641 735)
3(198 105 104)
3(735 641 642)
3(199 162 108)
3(736 645 699)
3(199 108 107)
3(736 644 645)
3(162 200 109)
3(699 646 737)
3(200 110 109)
3(737 646 647)
3(201 48 47)
3(738 584 585)
3(163 202 124)
3(700 661 739)
3(202 125 124)
3(739 661 662)
3(164 203 18)
3(701 555 740)
3(203 17 18)
3(740 555 554)
3(204 164 19)
3(741 556 701)
3(204 19 20)
3(741 557 556)
3(205 139 138)
3(742 675 676)
3(206 165 12)
3(743 549 702)
3(206 12 11)
3(743 548 549)
3(207 166 84)
3(744 621 703)
3(207 84 85)
3(744 622 621)
3(208 31 30)
3(745 567 568)
3(208 30 82)
3(745 619 567)
3(166 208 83)
3(703 620 745)
3(208 82 83)
3(745 620 619)
3(209 167 78)
3(746 615 704)
3(209 78 77)
3(746 614 615)
3(210 173 80)
3(747 617 710)
3(167 210 79)
3(704 616 747)
3(210 80 79)
3(747 616 617)
3(168 211 27)
3(705 564 748)
3(211 26 27)
3(748 564 563)
3(169 212 53)
3(706 590 749)
3(212 54 53)
3(749 590 591)
3(213 194 95)
3(750 632 731)
3(170 213 96)
3(707 633 750)
3(213 95 96)
3(750 633 632)
3(214 0 66)
3(751 603 537)
3(215 170 14)
3(752 551 707)
3(215 14 15)
3(752 552 551)
3(216 113 112)
3(753 649 650)
3(198 217 105)
3(735 642 754)
3(217 171 106)
3(754 643 708)
3(217 106 105)
3(754 642 643)
3(218 172 116)
3(755 653 709)
3(218 116 115)
3(755 652 653)
3(172 219 117)
3(709 654 756)
3(219 118 117)
3(756 654 655)
3(173 220 45)
3(710 582 757)
3(220 46 45)
3(757 582 583)
3(221 163 123)
3(758 660 700)
3(174 221 122)
3(711 659 758)
3(221 123 122)
3(758 659 660)
3(176 222 59)
3(713 596 759)
3(222 60 59)
3(759 596 597)
3(223 88 89)
3(760 626 625)
3(224 176 58)
3(761 595 713)
3(224 58 57)
3(761 594 595)
3(177 225 150)
3(714 687 762)
3(225 151 150)
3(762 687 688)
3(226 177 149)
3(763 686 714)
3(226 149 148)
3(763 685 686)
3(227 178 7)
3(764 544 715)
3(227 7 6)
3(764 543 544)
3(228 206 11)
3(765 548 743)
3(179 228 10)
3(716 547 765)
3(228 11 10)
3(765 547 548)
3(229 145 144)
3(766 681 682)
3(180 230 22)
3(717 559 767)
3(230 21 22)
3(767 559 558)
3(231 227 6)
3(768 543 764)
3(181 231 5)
3(718 542 768)
3(231 6 5)
3(768 542 543)
3(232 181 4)
3(769 541 718)
3(232 4 3)
3(769 540 541)
3(233 224 57)
3(770 594 761)
3(183 233 56)
3(720 593 770)
3(233 57 56)
3(770 593 594)
3(212 234 54)
3(749 591 771)
3(234 183 55)
3(771 592 720)
3(234 55 54)
3(771 591 592)
3(208 235 31)
3(745 568 772)
3(235 184 32)
3(772 569 721)
3(235 32 31)
3(772 568 569)
3(186 236 135)
3(723 672 773)
3(236 136 135)
3(773 672 673)
3(237 186 134)
3(774 671 723)
3(237 134 133)
3(774 670 671)
3(165 238 13)
3(702 550 775)
3(238 187 67)
3(775 604 724)
3(238 67 13)
3(775 550 604)
3(188 239 70)
3(725 607 776)
3(239 71 70)
3(776 607 608)
3(189 240 130)
3(726 667 777)
3(240 131 130)
3(777 667 668)
3(241 189 129)
3(778 666 726)
3(241 129 128)
3(778 665 666)
3(239 242 71)
3(776 608 779)
3(242 190 72)
3(779 609 727)
3(242 72 71)
3(779 608 609)
3(191 243 75)
3(728 612 780)
3(243 76 75)
3(780 612 613)
3(192 244 63)
3(729 600 781)
3(244 64 63)
3(781 600 601)
3(245 192 62)
3(782 599 729)
3(245 62 61)
3(782 598 599)
3(246 90 91)
3(783 628 627)
3(247 246 91)
3(784 628 783)
3(193 247 92)
3(730 629 784)
3(247 91 92)
3(784 629 628)
3(248 219 172)
3(785 709 756)
3(219 248 196)
3(756 733 785)
3(196 248 100)
3(733 637 785)
3(248 101 100)
3(785 637 638)
3(249 199 107)
3(786 644 736)
3(249 107 153)
3(786 690 644)
3(200 250 110)
3(737 647 787)
3(250 111 110)
3(787 647 648)
3(220 251 46)
3(757 583 788)
3(251 201 47)
3(788 584 738)
3(251 47 46)
3(788 583 584)
3(252 174 49)
3(789 586 711)
3(201 252 48)
3(738 585 789)
3(252 49 48)
3(789 585 586)
3(253 127 126)
3(790 663 664)
3(254 253 126)
3(791 663 790)
3(202 254 125)
3(739 662 791)
3(254 126 125)
3(791 662 663)
3(203 255 17)
3(740 554 792)
3(255 16 17)
3(792 554 553)
3(205 256 139)
3(742 676 793)
3(256 140 139)
3(793 676 677)
3(257 205 138)
3(794 675 742)
3(257 138 137)
3(794 674 675)
3(258 86 87)
3(795 624 623)
3(258 259 86)
3(795 623 796)
3(259 207 85)
3(796 622 744)
3(259 85 86)
3(796 623 622)
3(243 260 76)
3(780 613 797)
3(260 209 77)
3(797 614 746)
3(260 77 76)
3(797 613 614)
3(261 182 25)
3(798 562 719)
3(211 261 26)
3(748 563 798)
3(261 25 26)
3(798 563 562)
3(214 262 0)
3(751 537 799)
3(262 1 0)
3(799 537 538)
3(263 214 66)
3(800 603 751)
3(263 66 65)
3(800 602 603)
3(255 264 16)
3(792 553 801)
3(264 215 15)
3(801 552 752)
3(264 15 16)
3(801 553 552)
3(216 265 113)
3(753 650 802)
3(265 114 113)
3(802 650 651)
3(266 219 196)
3(803 733 756)
3(266 196 160)
3(803 697 733)
3(219 266 118)
3(756 655 803)
3(266 119 118)
3(803 655 656)
3(266 175 119)
3(803 656 712)
3(266 195 175)
3(803 712 732)
3(195 266 160)
3(732 697 803)
3(267 245 61)
3(804 598 782)
3(222 267 60)
3(759 597 804)
3(267 61 60)
3(804 597 598)
3(268 258 87)
3(805 624 795)
3(223 268 88)
3(760 625 805)
3(268 87 88)
3(805 625 624)
3(246 269 90)
3(783 627 806)
3(269 223 89)
3(806 626 760)
3(269 89 90)
3(806 627 626)
3(225 270 151)
3(762 688 807)
3(270 152 151)
3(807 688 689)
3(271 147 146)
3(808 683 684)
3(271 272 147)
3(808 684 809)
3(272 226 148)
3(809 685 763)
3(272 148 147)
3(809 684 685)
3(273 229 144)
3(810 681 766)
3(273 144 143)
3(810 680 681)
3(274 204 20)
3(811 557 741)
3(230 274 21)
3(767 558 811)
3(274 20 21)
3(811 558 557)
3(275 232 3)
3(812 540 769)
3(275 3 2)
3(812 539 540)
3(276 237 133)
3(813 670 774)
3(276 133 132)
3(813 669 670)
3(277 263 65)
3(814 602 800)
3(244 277 64)
3(781 601 814)
3(277 65 64)
3(814 601 602)
3(278 248 172)
3(815 709 785)
3(278 197 102)
3(815 639 734)
3(248 278 101)
3(785 638 815)
3(278 102 101)
3(815 638 639)
3(278 218 197)
3(815 734 755)
3(218 278 172)
3(755 709 815)
3(270 279 152)
3(807 689 816)
3(279 249 153)
3(816 690 786)
3(279 153 152)
3(816 689 690)
3(280 216 112)
3(817 649 753)
3(250 280 111)
3(787 648 817)
3(280 112 111)
3(817 648 649)
3(281 241 128)
3(818 665 778)
3(253 281 127)
3(790 664 818)
3(281 128 127)
3(818 664 665)
3(256 282 140)
3(793 677 819)
3(282 141 140)
3(819 677 678)
3(236 283 136)
3(773 673 820)
3(283 257 137)
3(820 674 794)
3(283 137 136)
3(820 673 674)
3(284 265 198)
3(821 735 802)
3(284 198 161)
3(821 698 735)
3(284 218 115)
3(821 652 755)
3(265 284 114)
3(802 651 821)
3(284 115 114)
3(821 651 652)
3(218 284 197)
3(755 734 821)
3(197 284 161)
3(734 698 821)
3(229 285 145)
3(766 682 822)
3(285 271 146)
3(822 683 808)
3(285 146 145)
3(822 682 683)
3(286 273 143)
3(823 680 810)
3(286 143 142)
3(823 679 680)
3(262 287 1)
3(799 538 824)
3(287 275 2)
3(824 539 812)
3(287 2 1)
3(824 538 539)
3(240 288 131)
3(777 668 825)
3(288 276 132)
3(825 669 813)
3(288 132 131)
3(825 668 669)
3(282 289 141)
3(819 678 826)
3(289 286 142)
3(826 679 823)
3(289 142 141)
3(826 678 679)
3(298 212 169)
3(835 706 749)
3(185 298 169)
3(722 706 835)
3(299 220 173)
3(836 710 757)
3(210 299 173)
3(747 710 836)
3(302 235 208)
3(839 745 772)
3(302 208 166)
3(839 703 745)
3(252 303 174)
3(789 711 840)
3(303 221 174)
3(840 711 758)
3(305 280 250)
3(842 787 817)
3(199 307 162)
3(736 699 844)
3(232 310 181)
3(769 718 847)
3(259 312 207)
3(796 744 849)
3(313 233 183)
3(850 720 770)
3(184 314 156)
3(721 693 851)
3(187 315 157)
3(724 694 852)
3(316 236 186)
3(853 723 773)
3(190 318 158)
3(727 695 855)
3(319 240 189)
3(856 726 777)
3(281 320 241)
3(818 778 857)
3(321 193 159)
3(858 696 730)
3(245 322 192)
3(782 729 859)
3(323 277 244)
3(860 781 814)
3(251 324 201)
3(788 738 861)
3(325 202 163)
3(862 700 739)
3(209 326 167)
3(746 704 863)
3(206 327 165)
3(743 702 864)
3(298 330 212)
3(835 749 867)
3(330 234 212)
3(867 749 771)
3(314 331 156)
3(851 693 868)
3(331 298 185)
3(868 722 835)
3(331 185 156)
3(868 693 722)
3(332 324 251)
3(869 788 861)
3(299 332 220)
3(836 757 869)
3(332 251 220)
3(869 757 788)
3(326 333 167)
3(863 704 870)
3(333 299 210)
3(870 747 836)
3(333 210 167)
3(870 704 747)
3(334 222 176)
3(871 713 759)
3(269 335 223)
3(806 760 872)
3(178 336 154)
3(715 691 873)
3(338 314 184)
3(875 721 851)
3(302 338 235)
3(839 772 875)
3(235 338 184)
3(772 721 875)
3(312 339 207)
3(849 744 876)
3(339 302 166)
3(876 703 839)
3(207 339 166)
3(744 703 876)
3(340 325 163)
3(877 700 862)
3(303 340 221)
3(840 758 877)
3(221 340 163)
3(758 700 877)
3(342 287 262)
3(879 799 824)
3(263 344 214)
3(800 751 881)
3(305 345 171)
3(842 708 882)
3(171 345 28)
3(708 565 882)
3(346 345 305)
3(883 842 882)
3(346 305 250)
3(883 787 842)
3(346 250 200)
3(883 737 787)
3(280 347 216)
3(817 753 884)
3(347 305 171)
3(884 708 842)
3(305 347 280)
3(842 817 884)
3(217 347 171)
3(754 708 884)
3(352 230 180)
3(889 717 767)
3(182 353 155)
3(719 692 890)
3(310 355 181)
3(847 718 892)
3(355 231 181)
3(892 718 768)
3(356 310 232)
3(893 769 847)
3(275 356 232)
3(812 769 893)
3(359 312 259)
3(896 796 849)
3(359 259 258)
3(896 795 796)
3(313 360 233)
3(850 770 897)
3(233 360 224)
3(770 761 897)
3(314 362 292)
3(851 829 899)
3(362 312 292)
3(899 829 849)
3(338 362 314)
3(875 851 899)
3(362 339 312)
3(899 849 876)
3(339 362 302)
3(876 839 899)
3(362 338 302)
3(899 839 875)
3(315 363 157)
3(852 694 900)
3(363 188 157)
3(900 694 725)
3(364 315 187)
3(901 724 852)
3(238 364 187)
3(775 724 901)
3(316 365 236)
3(853 773 902)
3(365 283 236)
3(902 773 820)
3(367 316 186)
3(904 723 853)
3(237 367 186)
3(774 723 904)
3(288 369 276)
3(825 813 906)
3(318 370 158)
3(855 695 907)
3(370 191 158)
3(907 695 728)
3(371 318 190)
3(908 727 855)
3(242 371 190)
3(779 727 908)
3(372 319 294)
3(909 831 856)
3(320 373 241)
3(857 778 910)
3(373 319 189)
3(910 726 856)
3(241 373 189)
3(778 726 910)
3(375 320 281)
3(912 818 857)
3(375 281 253)
3(912 790 818)
3(319 376 294)
3(856 831 913)
3(376 373 320)
3(913 857 910)
3(373 376 319)
3(910 856 913)
3(321 377 193)
3(858 730 914)
3(377 247 193)
3(914 730 784)
3(378 321 159)
3(915 696 858)
3(194 378 159)
3(731 696 915)
3(379 322 245)
3(916 782 859)
3(267 379 245)
3(804 782 916)
3(380 323 244)
3(917 781 860)
3(322 380 192)
3(859 729 917)
3(380 244 192)
3(917 729 781)
3(382 344 263)
3(919 800 881)
3(323 382 277)
3(860 814 919)
3(277 382 263)
3(814 800 919)
3(383 303 252)
3(920 789 840)
3(324 383 201)
3(861 738 920)
3(383 252 201)
3(920 738 789)
3(325 384 202)
3(862 739 921)
3(384 254 202)
3(921 739 791)
3(324 385 296)
3(861 833 922)
3(332 385 324)
3(869 861 922)
3(385 333 326)
3(922 863 870)
3(333 385 299)
3(870 836 922)
3(385 332 299)
3(922 836 869)
3(386 326 209)
3(923 746 863)
3(260 386 209)
3(797 746 923)
3(387 327 206)
3(924 743 864)
3(228 387 206)
3(765 743 924)
3(388 282 256)
3(925 793 819)
3(257 389 205)
3(794 742 926)
3(391 328 297)
3(928 834 865)
3(392 313 183)
3(929 720 850)
3(330 392 234)
3(867 771 929)
3(234 392 183)
3(771 720 929)
3(393 314 292)
3(930 829 851)
3(393 331 314)
3(930 851 868)
3(331 393 298)
3(868 835 930)
3(393 330 298)
3(930 835 867)
3(393 392 330)
3(930 867 929)
3(335 394 223)
3(872 760 931)
3(394 268 223)
3(931 760 805)
3(395 335 269)
3(932 806 872)
3(395 269 246)
3(932 783 806)
3(336 396 154)
3(873 691 933)
3(396 179 154)
3(933 691 716)
3(397 336 178)
3(934 715 873)
3(227 397 178)
3(764 715 934)
3(398 225 177)
3(935 714 762)
3(400 264 255)
3(937 792 801)
3(344 402 214)
3(881 751 939)
3(402 342 262)
3(939 799 879)
3(402 262 214)
3(939 751 799)
3(404 341 304)
3(941 841 878)
3(405 346 290)
3(942 827 883)
3(346 405 345)
3(883 882 942)
3(345 405 28)
3(882 565 942)
3(405 168 28)
3(942 565 705)
3(307 406 162)
3(844 699 943)
3(406 346 200)
3(943 737 883)
3(406 200 162)
3(943 699 737)
3(346 406 290)
3(883 827 943)
3(406 307 290)
3(943 827 844)
3(407 265 216)
3(944 753 802)
3(265 407 198)
3(802 735 944)
3(407 217 198)
3(944 735 754)
3(407 347 217)
3(944 754 884)
3(347 407 216)
3(884 753 944)
3(409 279 270)
3(946 807 816)
3(349 410 308)
3(886 845 947)
3(231 411 227)
3(768 764 948)
3(411 397 227)
3(948 764 934)
3(397 411 350)
3(934 887 948)
3(355 411 231)
3(892 768 948)
3(412 211 168)
3(949 705 748)
3(352 413 230)
3(889 767 950)
3(413 274 230)
3(950 767 811)
3(414 353 182)
3(951 719 890)
3(261 414 182)
3(798 719 951)
3(415 352 180)
3(952 717 889)
3(415 353 309)
3(952 846 890)
3(352 415 309)
3(889 846 952)
3(353 415 155)
3(890 692 952)
3(415 180 155)
3(952 692 717)
3(354 416 291)
3(891 828 953)
3(342 417 287)
3(879 824 954)
3(417 356 275)
3(954 812 893)
3(287 417 275)
3(824 812 954)
3(204 418 164)
3(741 701 955)
3(419 354 291)
3(956 828 891)
3(354 419 309)
3(891 846 956)
3(358 420 311)
3(895 848 957)
3(394 421 268)
3(931 805 958)
3(421 359 258)
3(958 795 896)
3(268 421 258)
3(805 795 958)
3(422 334 176)
3(959 713 871)
3(360 422 224)
3(897 761 959)
3(224 422 176)
3(761 713 959)
3(423 335 300)
3(960 837 872)
3(423 394 335)
3(960 872 931)
3(312 424 292)
3(849 829 961)
3(359 424 312)
3(896 849 961)
3(425 424 361)
3(962 898 961)
3(424 425 292)
3(961 829 962)
3(363 426 188)
3(900 725 963)
3(426 239 188)
3(963 725 776)
3(364 428 315)
3(901 852 965)
3(327 429 165)
3(864 702 966)
3(429 364 238)
3(966 775 901)
3(429 238 165)
3(966 702 775)
3(429 428 364)
3(966 901 965)
3(430 428 366)
3(967 903 965)
3(428 430 293)
3(965 830 967)
3(328 431 297)
3(865 834 968)
3(389 431 328)
3(926 865 968)
3(428 432 366)
3(965 903 969)
3(432 429 327)
3(969 864 966)
3(429 432 428)
3(966 965 969)
3(432 327 297)
3(969 834 864)
3(432 431 366)
3(969 903 968)
3(431 432 297)
3(968 834 969)
3(433 369 317)
3(970 854 906)
3(369 434 276)
3(906 813 971)
3(434 433 367)
3(971 904 970)
3(433 434 369)
3(970 906 971)
3(434 367 237)
3(971 774 904)
3(276 434 237)
3(813 774 971)
3(318 435 294)
3(855 831 972)
3(435 372 294)
3(972 831 909)
3(435 371 368)
3(972 905 908)
3(371 435 318)
3(908 855 972)
3(319 436 240)
3(856 777 973)
3(436 369 288)
3(973 825 906)
3(436 288 240)
3(973 777 825)
3(437 376 320)
3(974 857 913)
3(376 437 294)
3(913 831 974)
3(370 438 191)
3(907 728 975)
3(438 243 191)
3(975 728 780)
3(372 439 317)
3(909 854 976)
3(439 435 368)
3(976 905 972)
3(435 439 372)
3(972 909 976)
3(439 427 317)
3(976 854 964)
3(440 325 296)
3(977 833 862)
3(440 384 325)
3(977 862 921)
3(384 440 374)
3(921 911 977)
3(441 437 320)
3(978 857 974)
3(441 375 374)
3(978 911 912)
3(375 441 320)
3(912 857 978)
3(442 395 246)
3(979 783 932)
3(377 442 247)
3(914 784 979)
3(247 442 246)
3(784 783 979)
3(378 443 343)
3(915 880 980)
3(443 378 194)
3(980 731 915)
3(213 443 194)
3(750 731 980)
3(443 404 343)
3(980 880 941)
3(334 444 222)
3(871 759 981)
3(444 379 267)
3(981 804 916)
3(444 267 222)
3(981 759 804)
3(380 445 323)
3(917 860 982)
3(445 380 322)
3(982 859 917)
3(445 403 323)
3(982 860 940)
3(403 445 295)
3(940 832 982)
3(446 321 295)
3(983 832 858)
3(446 377 321)
3(983 858 914)
3(335 447 300)
3(872 837 984)
3(395 447 335)
3(932 872 984)
3(448 446 295)
3(985 832 983)
3(446 448 381)
3(983 918 985)
3(448 445 322)
3(985 859 982)
3(445 448 295)
3(982 832 985)
3(403 449 323)
3(940 860 986)
3(449 382 323)
3(986 860 919)
3(382 449 344)
3(919 881 986)
3(325 450 296)
3(862 833 987)
3(450 383 324)
3(987 861 920)
3(450 324 296)
3(987 833 861)
3(340 450 325)
3(877 862 987)
3(383 450 303)
3(920 840 987)
3(450 340 303)
3(987 840 877)
3(451 375 253)
3(988 790 912)
3(451 384 374)
3(988 911 921)
3(375 451 374)
3(912 911 988)
3(384 451 254)
3(921 791 988)
3(254 451 253)
3(791 790 988)
3(452 385 326)
3(989 863 922)
3(385 452 296)
3(922 833 989)
3(387 453 327)
3(924 864 990)
3(327 453 297)
3(864 834 990)
3(396 454 179)
3(933 716 991)
3(454 387 228)
3(991 765 924)
3(454 228 179)
3(991 716 765)
3(388 455 282)
3(925 819 992)
3(455 289 282)
3(992 819 826)
3(389 456 205)
3(926 742 993)
3(456 389 328)
3(993 865 926)
3(388 456 328)
3(925 865 993)
3(456 388 256)
3(993 793 925)
3(456 256 205)
3(993 742 793)
3(365 457 283)
3(902 820 994)
3(457 389 257)
3(994 794 926)
3(283 457 257)
3(820 794 994)
3(458 285 229)
3(995 766 822)
3(286 459 273)
3(823 810 996)
3(460 393 292)
3(997 829 930)
3(393 460 392)
3(930 929 997)
3(392 460 313)
3(929 850 997)
3(460 425 313)
3(997 850 962)
3(425 460 292)
3(962 829 997)
3(461 396 336)
3(998 873 933)
3(461 336 301)
3(998 838 873)
3(397 462 336)
3(934 873 999)
3(336 462 301)
3(873 838 999)
3(463 398 177)
3(1000 714 935)
3(226 463 177)
3(763 714 1000)
3(465 464 399)
3(1002 936 1001)
3(465 390 329)
3(1002 866 927)
3(465 458 390)
3(1002 927 995)
3(458 465 399)
3(995 936 1002)
3(466 400 255)
3(1003 792 937)
3(466 255 203)
3(1003 740 792)
3(467 400 341)
3(1004 878 937)
3(400 467 264)
3(937 801 1004)
3(264 467 215)
3(801 752 1004)
3(468 401 342)
3(1005 879 938)
3(401 469 311)
3(938 848 1006)
3(469 357 311)
3(1006 848 894)
3(470 469 401)
3(1007 938 1006)
3(400 470 341)
3(937 878 1007)
3(466 470 400)
3(1003 937 1007)
3(469 470 357)
3(1006 894 1007)
3(470 466 357)
3(1007 894 1003)
3(341 470 304)
3(878 841 1007)
3(470 468 304)
3(1007 841 1005)
3(468 470 401)
3(1005 938 1007)
3(471 402 344)
3(1008 881 939)
3(468 471 304)
3(1005 841 1008)
3(471 468 342)
3(1008 879 1005)
3(402 471 342)
3(939 879 1008)
3(378 472 321)
3(915 858 1009)
3(472 403 295)
3(1009 832 940)
3(321 472 295)
3(858 832 1009)
3(403 472 343)
3(940 880 1009)
3(472 378 343)
3(1009 880 915)
3(404 473 341)
3(941 878 1010)
3(443 473 404)
3(980 941 1010)
3(473 443 213)
3(1010 750 980)
3(473 213 170)
3(1010 707 750)
3(404 474 343)
3(941 880 1011)
3(474 471 344)
3(1011 881 1008)
3(471 474 304)
3(1008 841 1011)
3(474 404 304)
3(1011 841 941)
3(449 474 344)
3(986 881 1011)
3(474 449 403)
3(1011 940 986)
3(474 403 343)
3(1011 880 940)
3(475 464 301)
3(1012 838 1001)
3(464 475 337)
3(1001 874 1012)
3(476 398 337)
3(1013 874 935)
3(409 476 348)
3(946 885 1013)
3(398 477 225)
3(935 762 1014)
3(477 409 270)
3(1014 807 946)
3(477 270 225)
3(1014 762 807)
3(477 476 409)
3(1014 946 1013)
3(476 477 398)
3(1013 935 1014)
3(478 409 348)
3(1015 885 946)
3(409 478 279)
3(946 816 1015)
3(279 478 249)
3(816 786 1015)
3(479 410 349)
3(1016 886 947)
3(480 405 290)
3(1017 827 942)
3(480 412 168)
3(1017 705 949)
3(405 480 168)
3(942 705 1017)
3(481 414 261)
3(1018 798 951)
3(414 481 351)
3(951 888 1018)
3(481 412 351)
3(1018 888 949)
3(412 481 211)
3(949 748 1018)
3(481 261 211)
3(1018 748 798)
3(482 418 204)
3(1019 741 955)
3(413 482 274)
3(950 811 1019)
3(274 482 204)
3(811 741 1019)
3(483 354 309)
3(1020 846 891)
3(353 483 309)
3(890 846 1020)
3(483 414 351)
3(1020 888 951)
3(414 483 353)
3(951 890 1020)
3(410 484 308)
3(947 845 1021)
3(416 484 350)
3(953 887 1021)
3(484 410 350)
3(1021 887 947)
3(485 416 350)
3(1022 887 953)
3(485 411 355)
3(1022 892 948)
3(411 485 350)
3(948 887 1022)
3(416 486 291)
3(953 828 1023)
3(485 486 416)
3(1022 953 1023)
3(486 485 355)
3(1023 892 1022)
3(486 355 310)
3(1023 847 892)
3(487 401 311)
3(1024 848 938)
3(487 417 342)
3(1024 879 954)
3(401 487 342)
3(938 879 1024)
3(420 487 311)
3(957 848 1024)
3(487 420 356)
3(1024 893 957)
3(417 487 356)
3(954 893 1024)
3(488 358 311)
3(1025 848 895)
3(482 488 418)
3(1019 955 1025)
3(418 488 357)
3(955 894 1025)
3(357 488 311)
3(894 848 1025)
3(489 420 358)
3(1026 895 957)
3(489 419 291)
3(1026 828 956)
3(419 489 358)
3(956 895 1026)
3(490 419 358)
3(1027 895 956)
3(419 490 309)
3(956 846 1027)
3(490 352 309)
3(1027 846 889)
3(491 422 360)
3(1028 897 959)
3(491 425 361)
3(1028 898 962)
3(425 491 313)
3(962 850 1028)
3(491 360 313)
3(1028 850 897)
3(423 491 361)
3(960 898 1028)
3(492 423 361)
3(1029 898 960)
3(423 492 394)
3(960 931 1029)
3(492 421 394)
3(1029 931 958)
3(424 492 361)
3(961 898 1029)
3(492 424 359)
3(1029 896 961)
3(421 492 359)
3(958 896 1029)
3(493 371 242)
3(1030 779 908)
3(371 493 368)
3(908 905 1030)
3(426 493 239)
3(963 776 1030)
3(493 242 239)
3(1030 776 779)
3(494 427 363)
3(1031 900 964)
3(494 363 315)
3(1031 852 900)
3(494 428 293)
3(1031 830 965)
3(428 494 315)
3(965 852 1031)
3(495 439 368)
3(1032 905 976)
3(439 495 427)
3(976 964 1032)
3(427 495 363)
3(964 900 1032)
3(495 426 363)
3(1032 900 963)
3(495 493 426)
3(1032 963 1030)
3(493 495 368)
3(1030 905 1032)
3(433 496 367)
3(970 904 1033)
3(367 496 316)
3(904 853 1033)
3(496 430 316)
3(1033 853 967)
3(430 496 293)
3(967 830 1033)
3(431 497 366)
3(968 903 1034)
3(497 457 365)
3(1034 902 994)
3(457 497 389)
3(994 926 1034)
3(497 431 389)
3(1034 926 968)
3(497 430 366)
3(1034 903 967)
3(430 497 316)
3(967 853 1034)
3(497 365 316)
3(1034 853 902)
3(498 372 317)
3(1035 854 909)
3(498 436 319)
3(1035 856 973)
3(372 498 319)
3(909 856 1035)
3(436 498 369)
3(973 906 1035)
3(369 498 317)
3(906 854 1035)
3(499 370 318)
3(1036 855 907)
3(499 438 370)
3(1036 907 975)
3(438 499 437)
3(975 974 1036)
3(437 499 294)
3(974 831 1036)
3(499 318 294)
3(1036 831 855)
3(500 438 437)
3(1037 974 975)
3(501 386 260)
3(1038 797 923)
3(501 500 386)
3(1038 923 1037)
3(500 501 438)
3(1037 975 1038)
3(438 501 243)
3(975 780 1038)
3(501 260 243)
3(1038 780 797)
3(502 444 334)
3(1039 871 981)
3(444 502 379)
3(981 916 1039)
3(448 502 381)
3(985 918 1039)
3(502 448 322)
3(1039 859 985)
3(379 502 322)
3(916 859 1039)
3(502 447 381)
3(1039 918 984)
3(447 502 300)
3(984 837 1039)
3(447 503 381)
3(984 918 1040)
3(503 447 395)
3(1040 932 984)
3(442 503 395)
3(979 932 1040)
3(503 446 381)
3(1040 918 983)
3(446 503 377)
3(983 914 1040)
3(503 442 377)
3(1040 914 979)
3(440 504 374)
3(977 911 1041)
3(452 504 296)
3(989 833 1041)
3(504 440 296)
3(1041 833 977)
3(500 505 386)
3(1037 923 1042)
3(505 504 452)
3(1042 989 1041)
3(505 452 326)
3(1042 863 989)
3(386 505 326)
3(923 863 1042)
3(391 506 329)
3(928 866 1043)
3(453 506 297)
3(990 834 1043)
3(506 391 297)
3(1043 834 928)
3(507 506 453)
3(1044 990 1043)
3(454 507 387)
3(991 924 1044)
3(507 453 387)
3(1044 924 990)
3(508 458 399)
3(1045 936 995)
3(458 508 285)
3(995 822 1045)
3(285 508 271)
3(822 808 1045)
3(459 509 273)
3(996 810 1046)
3(509 459 390)
3(1046 927 996)
3(458 509 390)
3(995 927 1046)
3(509 458 229)
3(1046 766 995)
3(273 509 229)
3(810 766 1046)
3(510 391 329)
3(1047 866 928)
3(459 510 390)
3(996 927 1047)
3(390 510 329)
3(927 866 1047)
3(455 511 289)
3(992 826 1048)
3(511 459 286)
3(1048 823 996)
3(289 511 286)
3(826 823 1048)
3(511 510 459)
3(1048 996 1047)
3(462 512 301)
3(999 838 1049)
3(512 479 408)
3(1049 945 1016)
3(479 512 410)
3(1016 947 1049)
3(512 475 301)
3(1049 838 1012)
3(475 512 408)
3(1012 945 1049)
3(410 513 350)
3(947 887 1050)
3(513 462 397)
3(1050 934 999)
3(513 397 350)
3(1050 887 934)
3(513 512 462)
3(1050 999 1049)
3(512 513 410)
3(1049 947 1050)
3(463 514 398)
3(1000 935 1051)
3(398 514 337)
3(935 874 1051)
3(514 464 337)
3(1051 874 1001)
3(464 514 399)
3(1001 936 1051)
3(515 514 463)
3(1052 1000 1051)
3(514 515 399)
3(1051 936 1052)
3(515 463 226)
3(1052 763 1000)
3(272 515 226)
3(809 763 1052)
3(465 516 464)
3(1002 1001 1053)
3(464 516 301)
3(1001 838 1053)
3(516 461 301)
3(1053 838 998)
3(466 517 357)
3(1003 894 1054)
3(517 466 203)
3(1054 740 1003)
3(517 203 164)
3(1054 701 740)
3(517 418 357)
3(1054 894 955)
3(418 517 164)
3(955 701 1054)
3(518 473 170)
3(1055 707 1010)
3(473 518 341)
3(1010 878 1055)
3(518 467 341)
3(1055 878 1004)
3(467 518 215)
3(1004 752 1055)
3(215 518 170)
3(752 707 1055)
3(478 519 249)
3(1015 786 1056)
3(519 478 348)
3(1056 885 1015)
3(249 519 199)
3(786 736 1056)
3(519 307 199)
3(1056 736 844)
3(307 519 306)
3(844 843 1056)
3(520 479 349)
3(1057 886 1016)
3(479 520 408)
3(1016 945 1057)
3(521 480 349)
3(1058 886 1017)
3(521 349 308)
3(1058 845 886)
3(480 521 412)
3(1017 949 1058)
3(412 521 351)
3(949 888 1058)
3(522 483 351)
3(1059 888 1020)
3(483 522 354)
3(1020 891 1059)
3(522 521 308)
3(1059 845 1058)
3(521 522 351)
3(1058 888 1059)
3(523 486 310)
3(1060 847 1023)
3(523 489 291)
3(1060 828 1026)
3(486 523 291)
3(1023 828 1060)
3(489 523 420)
3(1026 957 1060)
3(420 523 356)
3(957 893 1060)
3(356 523 310)
3(893 847 1060)
3(524 490 358)
3(1061 895 1027)
3(488 524 358)
3(1025 895 1061)
3(490 524 352)
3(1027 889 1061)
3(524 413 352)
3(1061 889 950)
3(524 488 482)
3(1061 1019 1025)
3(524 482 413)
3(1061 950 1019)
3(525 491 423)
3(1062 960 1028)
3(525 423 300)
3(1062 837 960)
3(491 525 422)
3(1028 959 1062)
3(422 525 334)
3(959 871 1062)
3(525 502 334)
3(1062 871 1039)
3(502 525 300)
3(1039 837 1062)
3(526 433 317)
3(1063 854 970)
3(427 526 317)
3(964 854 1063)
3(526 496 433)
3(1063 970 1033)
3(496 526 293)
3(1033 830 1063)
3(526 494 293)
3(1063 830 1031)
3(494 526 427)
3(1031 964 1063)
3(441 527 437)
3(978 974 1064)
3(527 500 437)
3(1064 974 1037)
3(527 505 500)
3(1064 1037 1042)
3(505 527 504)
3(1042 1041 1064)
3(504 527 374)
3(1041 911 1064)
3(527 441 374)
3(1064 911 978)
3(528 516 465)
3(1065 1002 1053)
3(528 465 329)
3(1065 866 1002)
3(507 528 506)
3(1044 1043 1065)
3(506 528 329)
3(1043 866 1065)
3(461 529 396)
3(998 933 1066)
3(529 507 454)
3(1066 991 1044)
3(529 454 396)
3(1066 933 991)
3(529 528 507)
3(1066 1044 1065)
3(528 529 516)
3(1065 1053 1066)
3(516 529 461)
3(1053 998 1066)
3(510 530 391)
3(1047 928 1067)
3(530 511 455)
3(1067 992 1048)
3(511 530 510)
3(1048 1047 1067)
3(530 455 388)
3(1067 925 992)
3(391 530 328)
3(928 865 1067)
3(530 388 328)
3(1067 865 925)
3(508 531 271)
3(1045 808 1068)
3(531 515 272)
3(1068 809 1052)
3(531 272 271)
3(1068 808 809)
3(515 531 399)
3(1052 936 1068)
3(531 508 399)
3(1068 936 1045)
3(532 520 306)
3(1069 843 1057)
3(532 519 348)
3(1069 885 1056)
3(519 532 306)
3(1056 843 1069)
3(533 480 290)
3(1070 827 1017)
3(480 533 349)
3(1017 886 1070)
3(533 520 349)
3(1070 886 1057)
3(520 533 306)
3(1057 843 1070)
3(533 307 306)
3(1070 843 844)
3(307 533 290)
3(844 827 1070)
3(484 534 308)
3(1021 845 1071)
3(534 484 416)
3(1071 953 1021)
3(534 416 354)
3(1071 891 953)
3(534 522 308)
3(1071 845 1059)
3(522 534 354)
3(1059 891 1071)
3(535 532 348)
3(1072 885 1069)
3(476 535 348)
3(1013 885 1072)
3(532 535 520)
3(1069 1057 1072)
3(520 535 408)
3(1057 945 1072)
3(475 536 337)
3(1012 874 1073)
3(536 535 476)
3(1073 1013 1072)
3(536 476 337)
3(1073 874 1013)
3(535 536 408)
3(1072 945 1073)
3(536 475 408)
3(1073 945 1012)
)


// ************************************************************************* //
