/*--------------------------------*- C++ -*----------------------------------*\
| =========                 |                                                 |
| \\      /  F ield         | OpenFOAM: The Open Source CFD Toolbox           |
|  \\    /   O peration     | Version:  2312                                  |
|   \\  /    A nd           | Website:  www.openfoam.com                      |
|    \\/     M anipulation  |                                                 |
\*---------------------------------------------------------------------------*/
FoamFile
{
    version     2.0;
    format      ascii;
    arch        "LSB;label=32;scalar=64";
    note        "nPoints:1074  nCells:918  nFaces:3290  nInternalFaces:1300";
    class       labelList;
    location    "constant/polyMesh";
    object      neighbour;
}
// * * * * * * * * * * * * * * * * * * * * * * * * * * * * * * * * * * * * * //


1300
(
1
2
3
4
5
6
7
8
9
10
9
11
12
13
14
15
15
16
17
18
18
19
20
21
19
22
23
24
25
26
27
22
27
28
29
30
25
30
31
32
33
34
35
36
37
35
38
39
40
40
41
41
42
43
44
45
38
45
46
47
48
49
50
51
46
52
53
54
55
56
57
49
57
58
58
59
52
60
61
62
63
63
64
64
65
66
67
68
69
70
71
72
65
73
74
75
76
77
78
79
68
80
70
71
81
82
83
73
84
85
86
87
76
87
88
85
89
80
90
91
92
90
91
93
94
94
95
96
97
98
89
99
100
93
101
102
96
103
104
105
106
99
106
107
108
109
110
103
110
111
108
112
113
114
109
115
116
117
118
112
119
120
121
122
115
122
123
117
124
125
119
126
127
128
129
130
130
131
128
132
133
134
127
135
136
137
138
138
139
140
134
141
140
142
143
144
144
145
146
139
147
148
145
149
143
150
151
152
153
147
154
155
156
157
151
158
157
159
160
161
158
161
162
156
163
164
165
166
160
167
168
169
163
170
171
171
172
172
173
168
174
173
175
176
174
177
178
179
180
181
182
183
182
184
178
185
186
187
188
183
189
184
190
191
192
193
187
194
195
189
196
197
198
199
199
200
198
194
201
202
196
202
203
200
204
205
206
207
208
209
210
211
211
212
213
213
214
214
215
209
216
217
217
218
219
215
220
221
222
223
224
225
226
227
227
228
228
229
230
230
231
231
232
225
233
226
234
235
236
237
238
239
240
237
241
242
242
243
236
244
245
246
247
248
249
241
249
250
251
252
253
253
254
255
256
250
257
257
258
256
259
260
261
262
262
263
264
255
265
266
266
267
268
269
269
270
261
271
272
264
273
274
274
275
276
271
277
277
278
279
280
281
282
282
283
284
285
286
280
285
287
281
287
288
289
290
291
292
292
293
294
293
295
296
297
298
297
299
300
300
301
302
303
298
304
305
306
299
307
308
309
310
311
312
312
313
305
313
306
314
315
316
317
318
318
319
317
320
320
321
322
323
319
324
325
326
324
326
327
328
329
330
331
332
332
333
325
333
334
335
336
337
329
337
338
339
339
340
341
342
343
344
345
346
347
348
349
343
350
351
352
353
342
353
354
355
347
356
354
357
348
358
359
360
350
361
362
362
363
364
365
356
366
367
358
368
369
370
371
371
372
366
373
374
375
376
377
368
376
378
370
379
380
372
381
382
383
384
385
385
386
377
387
388
389
379
390
381
391
392
393
394
394
395
395
396
397
398
399
400
401
389
402
401
393
402
403
396
404
405
406
407
408
409
409
410
400
411
412
413
414
415
416
416
417
418
407
418
419
419
420
421
422
423
423
424
424
425
426
427
415
427
428
429
430
431
432
433
430
434
435
435
436
437
438
426
439
440
441
442
443
444
445
446
445
447
433
448
448
449
450
451
452
452
453
453
454
454
455
456
457
443
457
444
458
459
460
461
462
463
463
464
462
465
466
466
467
468
469
470
471
472
472
473
474
475
476
474
476
461
475
477
478
479
480
481
482
483
484
485
486
486
487
487
488
488
489
490
491
492
493
494
493
495
496
480
497
483
498
481
499
500
501
502
503
504
504
505
506
507
508
490
509
510
511
512
513
514
515
513
516
517
518
517
519
518
520
499
521
522
523
524
523
525
526
527
527
528
529
530
531
507
532
533
533
534
534
535
536
537
538
539
514
540
541
542
519
543
544
545
546
547
548
524
549
528
550
525
551
552
553
554
555
555
556
532
557
558
559
560
536
561
562
538
563
564
540
565
566
545
567
566
567
544
568
569
570
547
571
572
568
571
572
551
573
574
575
575
576
576
577
578
579
580
580
581
582
583
582
584
584
585
585
586
563
587
588
589
590
590
591
592
593
594
595
596
595
597
598
599
577
600
601
602
603
604
604
605
606
583
607
608
609
610
611
587
612
613
589
614
592
615
597
615
596
616
599
616
617
618
602
619
620
620
621
606
622
623
624
625
626
627
625
627
628
629
629
630
630
631
614
632
633
619
634
635
636
637
637
638
639
640
640
641
642
628
643
644
645
646
647
632
648
634
649
650
636
651
652
639
653
654
655
656
657
656
658
659
660
661
662
660
663
647
663
664
664
665
666
667
667
668
668
669
670
671
657
671
672
673
662
674
661
675
676
677
678
679
680
666
681
682
683
684
685
686
686
687
688
689
690
690
691
692
693
694
695
694
696
678
697
693
680
696
698
699
700
699
701
701
702
703
704
705
691
704
692
706
707
708
709
710
697
711
700
712
713
714
715
703
716
717
718
717
719
720
721
721
722
722
723
724
725
711
725
726
727
727
728
729
729
730
731
732
733
732
734
724
735
736
737
733
738
728
739
740
741
742
731
743
734
744
745
746
747
737
747
748
749
750
751
752
752
753
754
754
755
756
757
750
756
755
757
758
749
759
760
761
753
762
763
764
765
766
767
768
759
769
761
770
771
772
773
772
774
775
775
776
777
778
779
780
770
781
782
783
784
774
785
786
787
779
788
783
789
780
790
791
792
782
793
794
795
796
797
798
799
799
800
790
801
802
792
800
803
804
801
804
798
805
797
806
807
808
809
810
811
812
813
814
815
815
816
817
818
818
819
813
820
816
821
822
817
823
824
825
826
820
827
828
829
830
830
831
832
829
832
833
833
834
834
835
831
836
837
838
839
840
841
842
843
844
843
845
846
847
847
848
848
849
846
850
844
850
851
852
849
853
854
855
856
857
858
853
859
859
860
861
862
862
863
857
864
865
860
866
867
868
869
870
864
871
872
868
873
874
875
874
876
875
877
878
878
879
879
880
880
881
882
883
884
885
885
886
887
888
889
890
891
892
886
892
890
893
894
895
896
896
897
891
897
898
899
900
894
901
902
902
903
904
905
906
907
907
908
903
906
909
910
911
912
908
913
910
914
915
913
916
915
917
)


// ************************************************************************* //
