/*--------------------------------*- C++ -*----------------------------------*\
| =========                 |                                                 |
| \\      /  F ield         | OpenFOAM: The Open Source CFD Toolbox           |
|  \\    /   O peration     | Version:  2312                                  |
|   \\  /    A nd           | Website:  www.openfoam.com                      |
|    \\/     M anipulation  |                                                 |
\*---------------------------------------------------------------------------*/
FoamFile
{
    version     2.0;
    format      ascii;
    arch        "LSB;label=32;scalar=64";
    note        "nPoints:1074  nCells:918  nFaces:3290  nInternalFaces:1300";
    class       labelList;
    location    "constant/polyMesh";
    object      owner;
}
// * * * * * * * * * * * * * * * * * * * * * * * * * * * * * * * * * * * * * //


3290
(
0
1
1
2
3
4
4
5
5
6
7
7
8
9
10
10
11
11
12
12
13
13
14
15
16
16
17
18
19
20
20
21
21
22
23
23
24
24
25
26
27
28
28
29
30
31
31
32
32
33
33
34
34
35
36
36
37
37
38
39
40
41
42
42
43
43
44
45
46
47
47
48
48
49
50
50
51
51
52
53
53
54
54
55
55
56
57
58
59
59
60
60
61
61
62
63
64
65
66
66
67
67
68
69
69
70
71
72
72
73
74
74
75
75
76
77
77
79
80
81
81
82
82
83
83
84
84
85
86
87
88
88
89
92
93
94
95
95
96
97
97
98
98
99
100
100
101
102
102
103
104
104
105
106
107
107
108
109
110
111
111
112
113
113
114
114
115
116
116
117
118
119
120
120
121
122
123
123
124
124
125
125
126
127
128
129
129
130
131
131
132
132
133
133
134
135
136
136
137
138
139
140
141
141
142
142
143
144
145
146
146
147
148
148
149
149
150
150
151
152
153
153
154
155
155
156
157
158
159
159
160
161
162
162
163
164
164
165
165
166
166
167
167
168
169
170
171
172
173
174
175
175
176
176
177
177
178
179
179
180
180
181
182
183
184
185
186
186
187
188
188
189
190
190
191
191
192
193
193
194
195
195
196
197
197
198
199
200
201
202
203
203
204
204
205
206
206
207
207
208
208
209
210
210
211
212
212
213
214
215
216
217
218
218
219
219
220
220
221
222
222
223
223
224
224
225
226
227
228
229
229
230
231
232
232
233
234
234
235
235
236
237
238
238
239
240
240
241
242
243
243
244
244
245
245
246
246
247
247
248
248
249
250
251
252
252
253
254
254
255
256
257
258
258
259
259
260
261
262
263
263
264
265
265
266
267
267
268
268
269
270
270
272
273
273
274
275
275
276
276
278
279
279
280
281
282
283
283
284
284
285
286
286
287
288
288
289
289
290
291
291
292
293
294
294
295
295
296
297
298
299
300
301
301
302
302
303
303
304
304
305
306
307
307
308
308
309
310
311
311
312
313
314
314
315
315
316
316
317
318
319
320
321
321
322
322
323
323
324
325
326
327
328
328
329
330
331
331
332
333
334
334
335
335
336
336
337
338
338
339
340
340
341
341
342
343
344
344
345
345
346
346
347
348
349
350
351
352
352
353
354
355
355
356
357
357
358
359
359
360
360
361
362
363
363
364
364
365
365
366
367
367
368
369
369
370
371
372
373
374
374
375
375
376
377
378
379
380
380
381
382
382
383
383
384
384
385
386
386
387
387
388
388
389
390
391
391
392
392
393
394
395
396
397
398
398
399
399
400
401
402
403
403
404
404
405
406
406
407
408
408
409
410
410
411
411
412
412
413
413
414
414
415
416
417
417
418
419
420
420
421
422
422
423
424
425
425
426
427
428
428
429
429
430
431
431
432
433
434
434
435
436
436
437
437
438
438
439
439
440
440
441
441
442
442
443
444
445
446
446
447
447
449
449
450
451
451
452
453
454
455
455
456
456
457
458
458
459
459
460
460
461
462
463
464
464
465
465
466
467
467
468
468
469
469
470
470
471
471
472
473
473
474
475
476
477
477
478
478
479
479
480
481
482
483
484
485
485
486
487
488
489
489
490
491
491
492
492
493
494
494
495
495
496
496
497
497
498
498
499
500
500
501
501
502
502
503
503
504
505
505
506
506
507
508
508
509
509
510
510
511
511
512
512
513
514
515
515
516
516
517
518
519
520
520
521
521
522
522
526
527
528
529
530
530
531
531
532
533
534
535
535
536
537
537
538
539
539
540
541
541
542
542
543
543
544
545
546
546
547
548
548
549
550
550
552
552
553
553
554
554
555
556
556
557
557
558
558
559
559
560
560
561
561
562
562
563
564
564
565
565
566
567
568
569
569
570
570
571
572
573
574
575
576
577
578
579
579
580
581
581
582
583
584
585
586
586
587
588
588
591
592
593
593
594
594
598
598
600
600
601
601
602
603
604
605
605
606
607
607
608
608
609
609
610
610
611
611
612
612
613
613
617
618
618
619
620
621
622
622
623
623
624
624
625
626
626
627
628
629
630
631
631
633
633
634
635
635
637
638
638
639
640
641
641
642
642
643
643
644
644
645
645
646
646
647
648
649
650
650
651
652
653
653
654
654
655
655
656
657
658
658
659
659
660
661
662
663
664
665
665
666
667
668
669
669
670
670
671
672
672
673
673
674
674
675
675
676
676
677
677
678
679
679
681
682
682
683
684
685
685
686
687
687
688
688
689
689
690
691
692
693
695
697
698
698
699
700
701
702
702
703
704
705
705
706
706
707
707
708
708
709
709
710
710
712
713
714
714
715
716
716
717
718
718
719
719
720
720
721
722
723
723
726
726
727
728
729
730
730
731
732
733
734
735
736
736
737
738
738
739
740
741
741
742
743
743
744
744
745
745
746
746
747
748
748
749
750
751
751
752
753
754
755
756
757
758
759
760
760
761
762
763
764
764
765
766
766
767
767
768
768
769
770
771
771
772
773
773
774
775
776
776
777
777
778
778
779
780
781
782
783
784
785
786
786
787
788
788
789
789
790
791
791
792
793
794
794
795
795
796
796
799
800
801
802
802
803
803
804
807
808
808
809
809
810
810
811
811
812
812
813
814
815
816
817
818
819
819
820
821
821
822
822
823
824
824
825
826
826
827
827
828
828
829
830
831
832
833
834
835
835
836
836
837
837
838
838
839
839
840
841
842
842
843
844
845
845
846
847
848
849
850
851
851
852
852
853
854
855
855
856
856
857
858
859
860
861
861
862
863
863
864
865
865
866
866
867
868
869
869
870
871
871
872
872
873
873
874
875
876
876
877
877
878
879
880
881
881
882
883
883
884
884
885
886
887
888
888
889
889
890
891
892
893
893
894
895
895
896
897
898
898
899
899
900
901
901
902
903
904
905
905
909
910
911
912
912
914
915
0
805
916
78
806
397
378
652
787
192
762
617
523
296
529
90
870
448
3
239
482
713
904
785
86
373
421
361
310
390
29
621
684
765
807
154
181
205
784
739
649
574
524
525
278
309
484
91
79
854
887
432
8
221
216
260
603
526
683
740
105
126
62
351
450
349
330
290
44
17
578
715
742
823
170
137
152
169
712
551
277
101
92
840
405
233
201
271
636
763
121
118
135
327
272
185
681
573
651
251
0
78
14
2
26
6
56
39
805
806
797
798
916
917
913
914
906
908
907
909
917
882
911
595
724
793
867
694
900
596
597
589
725
735
781
814
549
841
858
696
695
616
591
615
614
758
599
825
680
711
590
632
769
648
0
0
805
805
916
916
78
78
917
917
806
806
397
397
378
378
14
14
652
652
787
787
192
192
762
762
617
617
523
523
882
882
296
296
529
529
90
90
870
870
448
448
2
2
1
1
3
3
239
239
482
482
713
713
904
904
913
913
912
912
914
914
915
915
911
911
785
785
796
796
797
797
86
86
595
595
385
385
373
373
409
409
421
421
366
366
361
361
310
310
379
379
390
390
29
29
20
20
26
26
4
4
10
10
6
6
724
724
637
637
621
621
668
668
684
684
793
793
775
775
765
765
799
799
807
807
154
154
184
184
181
181
198
198
205
205
795
795
786
786
798
798
772
772
784
784
751
751
739
739
633
633
649
649
600
600
574
574
500
500
524
524
501
501
525
525
906
906
874
874
867
867
287
287
278
278
299
299
309
309
694
694
504
504
484
484
82
82
91
91
56
56
66
66
80
80
79
79
862
862
854
854
896
896
878
878
887
887
433
433
432
432
5
5
8
8
213
213
230
230
221
221
216
216
249
249
260
260
603
603
552
552
502
502
526
526
699
699
683
683
727
727
740
740
905
905
908
908
892
892
903
903
900
900
97
97
105
105
126
126
74
74
62
62
569
569
596
596
570
570
597
597
362
362
351
351
466
466
435
435
450
450
589
589
350
350
349
349
339
339
320
320
330
330
300
300
290
290
53
53
36
36
44
44
12
12
23
23
17
17
47
47
32
32
39
39
709
709
725
725
720
720
735
735
555
555
604
604
578
578
701
701
715
715
782
782
781
781
804
804
814
814
729
729
754
754
742
742
815
815
823
823
162
162
170
170
146
146
137
137
152
152
161
161
174
174
169
169
714
714
728
728
726
726
712
712
520
520
549
549
522
522
551
551
899
899
898
898
907
907
910
910
901
901
909
909
841
841
850
850
860
860
858
858
268
268
277
277
676
676
696
696
675
675
695
695
101
101
93
93
81
81
92
92
832
832
846
846
840
840
393
393
418
418
405
405
224
224
233
233
208
208
201
201
267
267
261
261
271
271
620
620
636
636
741
741
753
753
752
752
763
763
773
773
774
774
764
764
129
129
113
113
121
121
110
110
119
119
118
118
144
144
127
127
135
135
594
594
616
616
591
591
592
592
593
593
615
615
588
588
614
614
317
317
337
337
327
327
282
282
272
272
747
747
758
758
193
193
177
177
185
185
700
700
665
665
698
698
681
681
666
666
682
682
598
598
572
572
599
599
577
577
550
550
573
573
817
817
833
833
825
825
679
679
680
680
710
710
697
697
711
711
619
619
618
618
667
667
635
635
651
651
650
650
634
634
564
564
565
565
590
590
613
613
632
632
242
242
262
262
251
251
770
770
759
759
769
769
664
664
631
631
648
648
9
9
7
7
897
897
888
888
57
57
67
67
902
902
895
895
521
521
480
480
291
291
69
69
45
45
27
27
622
622
692
692
766
766
771
771
809
809
176
176
147
147
178
178
890
890
866
866
855
855
485
485
13
13
18
18
21
21
11
11
15
15
881
881
889
889
891
891
863
863
879
879
871
871
106
106
120
120
374
374
33
33
48
48
40
40
59
59
68
68
70
70
875
875
886
886
883
883
234
234
209
209
483
483
465
465
478
478
498
498
499
499
554
554
503
503
528
528
527
527
338
338
367
367
301
301
311
311
283
283
273
273
71
71
83
83
54
54
63
63
34
34
42
42
41
41
50
50
58
58
49
49
638
638
653
653
605
605
579
579
674
674
693
693
689
689
706
706
748
748
776
776
788
788
755
755
743
743
756
756
801
801
783
783
794
794
818
818
826
826
767
767
789
789
777
777
168
168
166
166
182
182
190
190
139
139
138
138
171
171
155
155
163
163
202
202
186
186
194
194
894
894
884
884
893
893
859
859
852
852
865
865
873
873
864
864
872
872
880
880
847
847
837
837
467
467
451
451
663
663
659
659
559
559
37
37
24
24
30
30
28
28
22
22
16
16
19
19
25
25
112
112
111
111
128
128
136
136
386
386
398
398
363
363
352
352
544
544
257
257
217
217
226
226
225
225
212
212
446
446
462
462
449
449
434
434
464
464
479
479
481
481
463
463
447
447
602
602
601
601
575
575
553
553
576
576
571
571
380
380
331
331
340
340
353
353
321
321
419
419
329
329
328
328
370
370
382
382
343
343
344
344
334
334
356
356
355
355
325
325
243
243
263
263
252
252
289
289
315
315
326
326
275
275
103
103
94
94
102
102
98
98
75
75
87
87
108
108
104
104
51
51
60
60
61
61
52
52
669
669
685
685
606
606
505
505
556
556
530
530
580
580
607
607
624
624
582
582
608
608
581
581
531
531
557
557
532
532
583
583
558
558
708
708
737
737
707
707
722
722
721
721
736
736
757
757
744
744
734
734
746
746
761
761
749
749
760
760
790
790
778
778
800
800
808
808
718
718
719
719
732
732
704
704
853
853
851
851
843
843
802
802
819
819
810
810
145
145
158
158
153
153
191
191
199
199
206
206
200
200
114
114
130
130
122
122
164
164
156
156
172
172
165
165
159
159
160
160
116
116
124
124
150
150
142
142
148
148
157
157
179
179
187
187
195
195
861
861
876
876
868
868
869
869
885
885
877
877
834
834
835
835
827
827
844
844
842
842
856
856
857
857
486
486
506
506
410
410
436
436
422
422
646
646
647
647
643
643
626
626
628
628
645
645
660
660
678
678
661
661
677
677
538
538
587
587
35
35
31
31
38
38
46
46
43
43
399
399
400
400
375
375
387
387
516
516
545
545
455
455
489
489
490
490
471
471
247
247
258
258
237
237
246
246
250
250
235
235
255
255
266
266
245
245
229
229
238
238
256
256
248
248
220
220
228
228
236
236
210
210
219
219
227
227
218
218
175
175
173
173
167
167
180
180
183
183
215
215
207
207
214
214
222
222
197
197
203
203
211
211
204
204
196
196
188
188
189
189
426
426
440
440
493
493
496
496
543
543
548
548
568
568
519
519
515
515
517
517
546
546
547
547
391
391
430
430
408
408
420
420
394
394
383
383
395
395
407
407
406
406
297
297
318
318
307
307
336
336
347
347
371
371
359
359
368
368
354
354
365
365
342
342
332
332
341
341
323
323
333
333
322
322
312
312
254
254
253
253
244
244
265
265
274
274
264
264
285
285
288
288
280
280
276
276
286
286
305
305
295
295
306
306
316
316
324
324
76
76
65
65
55
55
64
64
77
77
85
85
96
96
95
95
73
73
72
72
84
84
730
730
731
731
702
702
716
716
654
654
639
639
640
640
623
623
705
705
687
687
670
670
686
686
703
703
717
717
690
690
672
672
656
656
641
641
609
609
662
662
644
644
627
627
625
625
642
642
658
658
733
733
750
750
745
745
738
738
723
723
779
779
791
791
792
792
780
780
768
768
803
803
829
829
821
821
812
812
816
816
824
824
115
115
123
123
133
133
140
140
131
131
125
125
117
117
134
134
132
132
141
141
143
143
151
151
149
149
836
836
849
849
845
845
830
830
839
839
848
848
838
838
508
508
507
507
533
533
487
487
452
452
468
468
491
491
511
511
539
539
562
562
536
536
510
510
537
537
563
563
534
534
535
535
509
509
630
630
586
586
612
612
561
561
401
401
414
414
402
402
413
413
427
427
376
376
377
377
364
364
389
389
388
388
494
494
473
473
456
456
472
472
513
513
492
492
541
541
567
567
439
439
425
425
412
412
259
259
269
269
279
279
270
270
281
281
231
231
223
223
232
232
241
241
240
240
518
518
495
495
497
497
477
477
461
461
403
403
415
415
392
392
381
381
396
396
384
384
360
360
348
348
369
369
372
372
302
302
303
303
313
313
293
293
284
284
292
292
304
304
294
294
314
314
319
319
298
298
308
308
89
89
100
100
88
88
99
99
107
107
109
109
691
691
688
688
673
673
657
657
655
655
671
671
811
811
813
813
822
822
831
831
828
828
820
820
454
454
470
470
469
469
488
488
411
411
437
437
423
423
453
453
438
438
424
424
560
560
611
611
585
585
629
629
584
584
610
610
540
540
542
542
566
566
514
514
512
512
444
444
475
475
460
460
417
417
404
404
416
416
429
429
445
445
431
431
357
357
345
345
335
335
358
358
346
346
458
458
476
476
442
442
428
428
457
457
459
459
474
474
443
443
441
441
)


// ************************************************************************* //
