/*--------------------------------*- C++ -*----------------------------------*\
| =========                 |                                                 |
| \\      /  F ield         | OpenFOAM: The Open Source CFD Toolbox           |
|  \\    /   O peration     | Version:  2312                                  |
|   \\  /    A nd           | Website:  www.openfoam.com                      |
|    \\/     M anipulation  |                                                 |
\*---------------------------------------------------------------------------*/
FoamFile
{
    version     2.0;
    format      ascii;
    arch        "LSB;label=32;scalar=64";
    class       vectorField;
    location    "constant/polyMesh";
    object      points;
}
// * * * * * * * * * * * * * * * * * * * * * * * * * * * * * * * * * * * * * //


1074
(
(32 16 0.937738)
(33.9429 16.1183 0.937738)
(35.8416 16.468 0.937738)
(37.6765 17.0408 0.937738)
(39.428 17.8287 0.937738)
(41.0766 18.8236 0.937738)
(42.6027 20.0174 0.937738)
(43.9826 21.3973 0.937738)
(45.1764 22.9234 0.937738)
(46.1713 24.572 0.937738)
(46.9592 26.3235 0.937738)
(47.532 28.1584 0.937738)
(47.8817 30.0571 0.937738)
(48 32 0.937738)
(32 0 0.937738)
(33.6368 0.0418845 0.937738)
(35.3398 0.174756 0.937738)
(37.0862 0.406787 0.937738)
(38.8503 0.74182 0.937738)
(40.605 1.17869 0.937738)
(42.3237 1.71105 0.937738)
(43.9799 2.32709 0.937738)
(45.5471 3.00902 0.937738)
(47.0091 3.73823 0.937738)
(48.3555 4.4955 0.937738)
(49.5809 5.26216 0.937738)
(50.6843 6.02122 0.937738)
(51.6685 6.75818 0.937738)
(52.5392 7.46147 0.937738)
(0 0 0.937738)
(0 2 0.937738)
(0 4 0.937738)
(0 6 0.937738)
(0 8 0.937738)
(0 10 0.937738)
(0 12 0.937738)
(0 14 0.937738)
(0 16 0.937738)
(56.5392 -4.53853 0.937738)
(55.5392 -4.53853 0.937738)
(54.5392 -4.53853 0.937738)
(53.5392 -4.53853 0.937738)
(52.5392 -4.53853 0.937738)
(48 64 0.937738)
(50 64 0.937738)
(52 64 0.937738)
(54 64 0.937738)
(56 64 0.937738)
(58 64 0.937738)
(60 64 0.937738)
(62 64 0.937738)
(64 64 0.937738)
(2 16 0.937738)
(4 16 0.937738)
(6 16 0.937738)
(8 16 0.937738)
(10 16 0.937738)
(12 16 0.937738)
(14 16 0.937738)
(16 16 0.937738)
(18 16 0.937738)
(20 16 0.937738)
(22 16 0.937738)
(24 16 0.937738)
(26 16 0.937738)
(28 16 0.937738)
(30 16 0.937738)
(48 34 0.937738)
(48 36 0.937738)
(48 38 0.937738)
(48 40 0.937738)
(48 42 0.937738)
(48 44 0.937738)
(48 46 0.937738)
(48 48 0.937738)
(48 50 0.937738)
(48 52 0.937738)
(48 54 0.937738)
(48 56 0.937738)
(48 58 0.937738)
(48 60 0.937738)
(48 62 0.937738)
(2 0 0.937738)
(4 0 0.937738)
(6 0 0.937738)
(8 0 0.937738)
(10 0 0.937738)
(12 0 0.937738)
(14 0 0.937738)
(16 0 0.937738)
(18 0 0.937738)
(20 0 0.937738)
(22 0 0.937738)
(24 0 0.937738)
(26 0 0.937738)
(28 0 0.937738)
(30 0 0.937738)
(52.5392 -3.44762 0.937738)
(52.5392 -2.35672 0.937738)
(52.5392 -1.26581 0.937738)
(52.5392 -0.174898 0.937738)
(52.5392 0.916012 0.937738)
(52.5392 2.00692 0.937738)
(52.5392 3.09783 0.937738)
(52.5392 4.18874 0.937738)
(52.5392 5.27965 0.937738)
(52.5392 6.37056 0.937738)
(56.5385 11.4608 0.937738)
(56.5386 10.6592 0.937738)
(56.5386 9.77751 0.937738)
(56.5386 8.81618 0.937738)
(56.5387 7.77798 0.937738)
(56.5387 6.66827 0.937738)
(56.5388 5.49511 0.937738)
(56.5389 4.26924 0.937738)
(56.5389 3.00379 0.937738)
(56.539 1.71378 0.937738)
(56.539 0.415465 0.937738)
(56.5391 -0.874491 0.937738)
(56.5391 -2.13984 0.937738)
(56.5392 -3.36556 0.937738)
(64 62.2066 0.937738)
(64 60.371 0.937738)
(64 58.4977 0.937738)
(64 56.592 0.937738)
(64 54.6591 0.937738)
(64 52.7049 0.937738)
(64 50.7355 0.937738)
(64 48.757 0.937738)
(64 46.7758 0.937738)
(64 44.7984 0.937738)
(64 42.831 0.937738)
(64 40.8799 0.937738)
(64 38.9511 0.937738)
(64 37.0502 0.937738)
(64 35.1828 0.937738)
(64 33.3538 0.937738)
(63.997 31.5646 0.937738)
(63.9254 29.8167 0.937738)
(63.7649 28.1281 0.937738)
(63.5246 26.5046 0.937738)
(63.2139 24.9505 0.937738)
(62.8419 23.4691 0.937738)
(62.4179 22.0625 0.937738)
(61.9504 20.7318 0.937738)
(61.4494 19.4806 0.937738)
(60.9232 18.3088 0.937738)
(60.3792 17.2142 0.937738)
(59.8241 16.1943 0.937738)
(59.2636 15.2461 0.937738)
(58.703 14.3663 0.937738)
(58.1468 13.5515 0.937738)
(57.5985 12.798 0.937738)
(57.0616 12.1024 0.937738)
(47.1016 22.8861 0.937738)
(47.0265 5.28291 0.937738)
(1.73205 9 0.937738)
(49.7321 37 0.937738)
(49.7321 47 0.937738)
(25 1.73205 0.937738)
(53.484 -1.81127 0.937738)
(53.484 3.64328 0.937738)
(55.775 10.2183 0.937738)
(62.3496 57.5449 0.937738)
(39.3493 2.47993 0.937738)
(49.6234 30.926 0.937738)
(5 1.73205 0.937738)
(49.7321 57 0.937738)
(51.4948 7.86389 0.937738)
(3 14.2679 0.937738)
(31 1.73205 0.937738)
(53.484 6.91601 0.937738)
(55.4146 1.06458 0.937738)
(51 62.2679 0.937738)
(62.4103 61.2888 0.937738)
(55.0392 -3.67251 0.937738)
(15 14.2679 0.937738)
(58.2214 15.2917 0.937738)
(45.9012 21.1265 0.937738)
(48.0821 24.7654 0.937738)
(45.6466 4.63976 0.937738)
(41.1139 16.8984 0.937738)
(48.3043 5.94005 0.937738)
(9 14.2679 0.937738)
(1.73205 7 0.937738)
(1.73205 11 0.937738)
(62.3828 36.1165 0.937738)
(49.7321 35 0.937738)
(49.7321 39 0.937738)
(62.2875 45.7871 0.937738)
(49.7321 45 0.937738)
(49.7321 49 0.937738)
(23 14.2679 0.937738)
(23 1.73205 0.937738)
(27 1.73205 0.937738)
(53.484 -2.90217 0.937738)
(53.484 -0.720346 0.937738)
(53.484 2.55238 0.937738)
(53.484 4.73419 0.937738)
(55.8444 11.0599 0.937738)
(55.7061 9.29682 0.937738)
(57 62.2679 0.937738)
(62.3261 55.6256 0.937738)
(37.6781 2.10208 0.937738)
(41.0034 2.93329 0.937738)
(62.3828 29.1114 0.937738)
(49.3511 28.805 0.937738)
(7 1.73205 0.937738)
(1.73205 3 0.937738)
(49.7321 55 0.937738)
(49.7321 59 0.937738)
(50.5382 7.24206 0.937738)
(5 14.2679 0.937738)
(29 1.73205 0.937738)
(31 14.2679 0.937738)
(32.7821 1.43842 0.937738)
(55.5228 6.08164 0.937738)
(53.484 5.8251 0.937738)
(55.4218 2.35874 0.937738)
(55.4219 -0.229566 0.937738)
(53 62.2679 0.937738)
(62.3777 59.4344 0.937738)
(17 14.2679 0.937738)
(15 1.73205 0.937738)
(13 14.2679 0.937738)
(57.7193 14.4407 0.937738)
(58.7227 16.2055 0.937738)
(44.4877 19.5123 0.937738)
(48.8347 26.7449 0.937738)
(60.6163 20.5402 0.937738)
(44.1729 4.02524 0.937738)
(42.8735 18.0988 0.937738)
(39.2346 15.9179 0.937738)
(11 14.2679 0.937738)
(7 14.2679 0.937738)
(1.73205 5 0.937738)
(62.416 34.2683 0.937738)
(62.3539 38.0007 0.937738)
(49.7321 33 0.937738)
(49.7321 41 0.937738)
(62.2962 43.8147 0.937738)
(62.2843 47.7664 0.937738)
(49.7321 43 0.937738)
(49.7321 51 0.937738)
(25 14.2679 0.937738)
(21 14.2679 0.937738)
(19 1.73205 0.937738)
(21 1.73205 0.937738)
(53.484 0.37056 0.937738)
(56.2444 12.2345 0.937738)
(55.6396 8.29704 0.937738)
(55 62.2679 0.937738)
(59 62.2679 0.937738)
(62.2944 51.7202 0.937738)
(62.3076 53.682 0.937738)
(36.012 1.8032 0.937738)
(62.2388 27.5245 0.937738)
(62.4475 30.7526 0.937738)
(11 1.73205 0.937738)
(9 1.73205 0.937738)
(49.7321 53 0.937738)
(49.4752 6.59726 0.937738)
(33.074 14.3766 0.937738)
(29 14.2679 0.937738)
(34.3732 1.58316 0.937738)
(55.4772 4.88213 0.937738)
(55.4433 -1.50721 0.937738)
(19 14.2679 0.937738)
(13 1.73205 0.937738)
(17 1.73205 0.937738)
(57.2201 13.6495 0.937738)
(59.7033 18.2326 0.937738)
(59.2184 17.185 0.937738)
(61.0318 21.8019 0.937738)
(42.6183 3.45337 0.937738)
(37.2551 15.1653 0.937738)
(62.3296 39.9155 0.937738)
(27 14.2679 0.937738)
(53.484 1.46146 0.937738)
(56.7276 12.9152 0.937738)
(55.5777 7.22309 0.937738)
(62.2866 49.7462 0.937738)
(62.0234 25.9967 0.937738)
(62.449 32.4618 0.937738)
(55.443 3.63647 0.937738)
(60.1714 19.3504 0.937738)
(61.4117 23.1331 0.937738)
(35.1951 14.6489 0.937738)
(62.3103 41.8554 0.937738)
(61.7449 24.5319 0.937738)
(52.9958 10.203 0.937738)
(43.593 10.8478 0.937738)
(8 8 0.937738)
(56.0184 36 0.937738)
(55.9717 46 0.937738)
(24 8 0.937738)
(56.8023 56.6529 0.937738)
(55.8649 29.0468 0.937738)
(4 12 0.937738)
(52 60 0.937738)
(16 8 0.937738)
(52.0555 18.2172 0.937738)
(4 4 0.937738)
(60.3089 60.3982 0.937738)
(32.9327 7.90738 0.937738)
(54.4195 7.82858 0.937738)
(53.8942 12.3796 0.937738)
(54.3824 10.7567 0.937738)
(48.4862 11.4457 0.937738)
(44.9836 7.86412 0.937738)
(41.6478 13.584 0.937738)
(38.7075 8.0654 0.937738)
(8 4.78625 0.937738)
(10 10.8947 0.937738)
(4.78625 8 0.937738)
(52.7957 36 0.937738)
(59.2175 35.1352 0.937738)
(57.3881 40.8364 0.937738)
(52.7718 46 0.937738)
(59.0923 44.7867 0.937738)
(58.6027 48.7606 0.937738)
(24 4.78625 0.937738)
(22 10.8947 0.937738)
(26 10.8947 0.937738)
(56 59.4922 0.937738)
(59.6532 56.618 0.937738)
(53.2266 56 0.937738)
(52.5879 29.4674 0.937738)
(59.1286 28.6069 0.937738)
(56.2799 23.8779 0.937738)
(6 12.4726 0.937738)
(3.52742 10 0.937738)
(54 60.4726 0.937738)
(51.5274 58 0.937738)
(16 11.2137 0.937738)
(16 4.78625 0.937738)
(49.2088 20.1593 0.937738)
(55.058 16.5848 0.937738)
(3.52742 6 0.937738)
(6 3.52742 0.937738)
(60.6903 58.5146 0.937738)
(33.2909 4.6628 0.937738)
(34.5716 11.1077 0.937738)
(28.4505 6.42194 0.937738)
(30 10.4902 0.937738)
(53.4277 7.90949 0.937738)
(54.7234 8.86011 0.937738)
(54.5811 6.72717 0.937738)
(55.1446 13.527 0.937738)
(51.1327 12.2457 0.937738)
(46.5611 15.5157 0.937738)
(48.7591 8.97628 0.937738)
(44.2045 6.0236 0.937738)
(46.8334 7.22914 0.937738)
(46.1523 10.2247 0.937738)
(43.3206 15.5536 0.937738)
(39.0804 13.3439 0.937738)
(37.8697 5.13952 0.937738)
(41.8538 8.22128 0.937738)
(10 3.75028 0.937738)
(12 12.1366 0.937738)
(12 7.37455 0.937738)
(6.39313 6.39313 0.937738)
(51.7535 38 0.937738)
(51.7535 34 0.937738)
(60.4447 33.3288 0.937738)
(56.79 32.5046 0.937738)
(60.3655 37.0279 0.937738)
(53.5832 42 0.937738)
(59.9494 40.8619 0.937738)
(51.7454 48 0.937738)
(51.7454 44 0.937738)
(56.7741 43.444 0.937738)
(60.2245 46.7734 0.937738)
(58.455 52.7271 0.937738)
(60.0464 50.7421 0.937738)
(58.0295 46.6729 0.937738)
(22 3.75028 0.937738)
(26 3.75028 0.937738)
(20 12.1366 0.937738)
(24 12.1366 0.937738)
(20 7.37455 0.937738)
(28 12.1366 0.937738)
(58.0925 60.2397 0.937738)
(60.4511 54.6715 0.937738)
(54.7793 57.6142 0.937738)
(51.9086 54 0.937738)
(51.3647 27.2053 0.937738)
(60.3184 27.0161 0.937738)
(60.5782 30.0044 0.937738)
(58.2912 22.0051 0.937738)
(57.1902 26.5521 0.937738)
(8.20237 12.1966 0.937738)
(6.39313 9.96492 0.937738)
(14 3.75028 0.937738)
(18 3.75028 0.937738)
(49.7072 22.7221 0.937738)
(46.9985 18.7398 0.937738)
(56.5452 15.7071 0.937738)
(56.8446 18.9198 0.937738)
(34.948 3.51515 0.937738)
(35.8073 8.45513 0.937738)
(32.1596 11.9801 0.937738)
(26.6211 8.32729 0.937738)
(31.0582 6.05839 0.937738)
(52.4406 8.76207 0.937738)
(54.8845 9.82161 0.937738)
(54.5405 5.65834 0.937738)
(52.6536 14.9865 0.937738)
(56.1685 13.8226 0.937738)
(49.0911 14.2221 0.937738)
(45.0342 17.2597 0.937738)
(50.2524 8.7285 0.937738)
(42.9155 5.04455 0.937738)
(48.266 7.38002 0.937738)
(45.786 6.14256 0.937738)
(45.4578 12.9397 0.937738)
(36.6573 12.566 0.937738)
(39.7067 4.42012 0.937738)
(43.5281 9.00164 0.937738)
(40.1582 10.6154 0.937738)
(12 3.48439 0.937738)
(14.1434 12.2967 0.937738)
(14.2024 6.39313 0.937738)
(9.96593 6.13305 0.937738)
(10.1509 8.65216 0.937738)
(51.4848 40 0.937738)
(54.8033 38.9563 0.937738)
(54.4071 33.8888 0.937738)
(51.8312 31.6712 0.937738)
(57.3169 34.4538 0.937738)
(57.7096 30.406 0.937738)
(54.4847 31.2687 0.937738)
(57.8162 38.103 0.937738)
(60.6637 38.9368 0.937738)
(54.3718 44.2423 0.937738)
(60.2978 42.994 0.937738)
(55.0483 49.5141 0.937738)
(51.4837 50 0.937738)
(55.5998 41.7914 0.937738)
(58.207 54.9335 0.937738)
(57.9898 50.7238 0.937738)
(20 3.48439 0.937738)
(28.3707 4.03546 0.937738)
(17.8566 12.2967 0.937738)
(24.1012 10.0683 0.937738)
(22.0341 6.13305 0.937738)
(17.7976 6.39313 0.937738)
(21.8491 8.65216 0.937738)
(27.9316 10.0155 0.937738)
(58.2464 58.1589 0.937738)
(60.5414 52.6766 0.937738)
(55.1235 55.7293 0.937738)
(53.9698 27.2584 0.937738)
(50.4602 24.9941 0.937738)
(60.5768 25.5128 0.937738)
(60.969 28.4398 0.937738)
(61.0205 31.6085 0.937738)
(58.9562 20.4829 0.937738)
(59.7347 22.8919 0.937738)
(8.33059 9.90984 0.937738)
(51.8512 20.9752 0.937738)
(49.4162 17.4058 0.937738)
(57.568 16.2445 0.937738)
(54.3951 18.9429 0.937738)
(55.7645 21.308 0.937738)
(36.7663 3.68436 0.937738)
(33.4504 2.90918 0.937738)
(34.1568 9.30037 0.937738)
(37.0811 6.94823 0.937738)
(34.698 6.46019 0.937738)
(32.0374 9.84717 0.937738)
(25.5316 6.39313 0.937738)
(31.2567 3.89216 0.937738)
(30.021 8.15295 0.937738)
(53.2082 16.7599 0.937738)
(55.2798 14.9801 0.937738)
(56.8133 14.4592 0.937738)
(55.8695 13.0124 0.937738)
(50.9751 14.1255 0.937738)
(51.327 10.0186 0.937738)
(49.4684 7.80707 0.937738)
(41.3879 4.5065 0.937738)
(47.4222 8.51498 0.937738)
(47.4339 13.1291 0.937738)
(44.931 14.6896 0.937738)
(43.4791 12.8264 0.937738)
(37.5239 10.2435 0.937738)
(40.3592 6.55854 0.937738)
(42.0542 9.97764 0.937738)
(43.4655 7.42158 0.937738)
(13.2554 9.75559 0.937738)
(12.4531 5.42947 0.937738)
(51.4642 42 0.937738)
(54.4071 37.0655 0.937738)
(53.3526 40.1411 0.937738)
(57.7779 36.1592 0.937738)
(58.7943 32.1321 0.937738)
(58.439 42.4599 0.937738)
(53.8321 47.8075 0.937738)
(53.545 51.8036 0.937738)
(51.4999 52.0208 0.937738)
(18.7446 9.75559 0.937738)
(19.5469 5.42947 0.937738)
(56.2164 53.5926 0.937738)
(53.9241 54.106 0.937738)
(55.3152 25.6982 0.937738)
(52.7053 25.3664 0.937738)
(58.9144 19.2199 0.937738)
(59.7513 21.5243 0.937738)
(58.1439 23.8632 0.937738)
(60.4154 24.1095 0.937738)
(51.1749 16.3835 0.937738)
(48.3562 15.9056 0.937738)
(56.4182 17.1909 0.937738)
(58.1748 17.098 0.937738)
(53.8329 20.8474 0.937738)
(38.2444 3.48225 0.937738)
(32.0666 2.65077 0.937738)
(54.9496 12.4844 0.937738)
(52.457 13.3032 0.937738)
(49.7376 10.2499 0.937738)
(47.6533 10.0132 0.937738)
(42.066 11.7525 0.937738)
(42.0325 6.55751 0.937738)
(15.0941 9.60687 0.937738)
(55.9973 37.7191 0.937738)
(55.6509 51.548 0.937738)
(54.2118 23.9476 0.937738)
(51.9141 23.2416 0.937738)
(58.748 25.5911 0.937738)
(58.6167 18.0995 0.937738)
(54.352 13.1357 0.937738)
(52.536 11.8462 0.937738)
(47.0707 11.3103 0.937738)
(54.2487 14.3432 0.937738)
(54.1583 15.6427 0.937738)
(32 16 -0.937738)
(33.9429 16.1183 -0.937738)
(35.8416 16.468 -0.937738)
(37.6765 17.0408 -0.937738)
(39.428 17.8287 -0.937738)
(41.0766 18.8236 -0.937738)
(42.6027 20.0174 -0.937738)
(43.9826 21.3973 -0.937738)
(45.1764 22.9234 -0.937738)
(46.1713 24.572 -0.937738)
(46.9592 26.3235 -0.937738)
(47.532 28.1584 -0.937738)
(47.8817 30.0571 -0.937738)
(48 32 -0.937738)
(32 0 -0.937738)
(33.6368 0.0418845 -0.937738)
(35.3398 0.174756 -0.937738)
(37.0862 0.406787 -0.937738)
(38.8503 0.74182 -0.937738)
(40.605 1.17869 -0.937738)
(42.3237 1.71105 -0.937738)
(43.9799 2.32709 -0.937738)
(45.5471 3.00902 -0.937738)
(47.0091 3.73823 -0.937738)
(48.3555 4.4955 -0.937738)
(49.5809 5.26216 -0.937738)
(50.6843 6.02122 -0.937738)
(51.6685 6.75818 -0.937738)
(52.5392 7.46147 -0.937738)
(0 0 -0.937738)
(0 2 -0.937738)
(0 4 -0.937738)
(0 6 -0.937738)
(0 8 -0.937738)
(0 10 -0.937738)
(0 12 -0.937738)
(0 14 -0.937738)
(0 16 -0.937738)
(56.5392 -4.53853 -0.937738)
(55.5392 -4.53853 -0.937738)
(54.5392 -4.53853 -0.937738)
(53.5392 -4.53853 -0.937738)
(52.5392 -4.53853 -0.937738)
(48 64 -0.937738)
(50 64 -0.937738)
(52 64 -0.937738)
(54 64 -0.937738)
(56 64 -0.937738)
(58 64 -0.937738)
(60 64 -0.937738)
(62 64 -0.937738)
(64 64 -0.937738)
(2 16 -0.937738)
(4 16 -0.937738)
(6 16 -0.937738)
(8 16 -0.937738)
(10 16 -0.937738)
(12 16 -0.937738)
(14 16 -0.937738)
(16 16 -0.937738)
(18 16 -0.937738)
(20 16 -0.937738)
(22 16 -0.937738)
(24 16 -0.937738)
(26 16 -0.937738)
(28 16 -0.937738)
(30 16 -0.937738)
(48 34 -0.937738)
(48 36 -0.937738)
(48 38 -0.937738)
(48 40 -0.937738)
(48 42 -0.937738)
(48 44 -0.937738)
(48 46 -0.937738)
(48 48 -0.937738)
(48 50 -0.937738)
(48 52 -0.937738)
(48 54 -0.937738)
(48 56 -0.937738)
(48 58 -0.937738)
(48 60 -0.937738)
(48 62 -0.937738)
(2 0 -0.937738)
(4 0 -0.937738)
(6 0 -0.937738)
(8 0 -0.937738)
(10 0 -0.937738)
(12 0 -0.937738)
(14 0 -0.937738)
(16 0 -0.937738)
(18 0 -0.937738)
(20 0 -0.937738)
(22 0 -0.937738)
(24 0 -0.937738)
(26 0 -0.937738)
(28 0 -0.937738)
(30 0 -0.937738)
(52.5392 -3.44762 -0.937738)
(52.5392 -2.35672 -0.937738)
(52.5392 -1.26581 -0.937738)
(52.5392 -0.174898 -0.937738)
(52.5392 0.916012 -0.937738)
(52.5392 2.00692 -0.937738)
(52.5392 3.09783 -0.937738)
(52.5392 4.18874 -0.937738)
(52.5392 5.27965 -0.937738)
(52.5392 6.37056 -0.937738)
(56.5385 11.4608 -0.937738)
(56.5386 10.6592 -0.937738)
(56.5386 9.77751 -0.937738)
(56.5386 8.81618 -0.937738)
(56.5387 7.77798 -0.937738)
(56.5387 6.66827 -0.937738)
(56.5388 5.49511 -0.937738)
(56.5389 4.26924 -0.937738)
(56.5389 3.00379 -0.937738)
(56.539 1.71378 -0.937738)
(56.539 0.415465 -0.937738)
(56.5391 -0.874491 -0.937738)
(56.5391 -2.13984 -0.937738)
(56.5392 -3.36556 -0.937738)
(64 62.2066 -0.937738)
(64 60.371 -0.937738)
(64 58.4977 -0.937738)
(64 56.592 -0.937738)
(64 54.6591 -0.937738)
(64 52.7049 -0.937738)
(64 50.7355 -0.937738)
(64 48.757 -0.937738)
(64 46.7758 -0.937738)
(64 44.7984 -0.937738)
(64 42.831 -0.937738)
(64 40.8799 -0.937738)
(64 38.9511 -0.937738)
(64 37.0502 -0.937738)
(64 35.1828 -0.937738)
(64 33.3538 -0.937738)
(63.997 31.5646 -0.937738)
(63.9254 29.8167 -0.937738)
(63.7649 28.1281 -0.937738)
(63.5246 26.5046 -0.937738)
(63.2139 24.9505 -0.937738)
(62.8419 23.4691 -0.937738)
(62.4179 22.0625 -0.937738)
(61.9504 20.7318 -0.937738)
(61.4494 19.4806 -0.937738)
(60.9232 18.3088 -0.937738)
(60.3792 17.2142 -0.937738)
(59.8241 16.1943 -0.937738)
(59.2636 15.2461 -0.937738)
(58.703 14.3663 -0.937738)
(58.1468 13.5515 -0.937738)
(57.5985 12.798 -0.937738)
(57.0616 12.1024 -0.937738)
(47.1016 22.8861 -0.937738)
(47.0265 5.28291 -0.937738)
(1.73205 9 -0.937738)
(49.7321 37 -0.937738)
(49.7321 47 -0.937738)
(25 1.73205 -0.937738)
(53.484 -1.81127 -0.937738)
(53.484 3.64328 -0.937738)
(55.775 10.2183 -0.937738)
(62.3496 57.5449 -0.937738)
(39.3493 2.47993 -0.937738)
(49.6234 30.926 -0.937738)
(5 1.73205 -0.937738)
(49.7321 57 -0.937738)
(51.4948 7.86389 -0.937738)
(3 14.2679 -0.937738)
(31 1.73205 -0.937738)
(53.484 6.91601 -0.937738)
(55.4146 1.06458 -0.937738)
(51 62.2679 -0.937738)
(62.4103 61.2888 -0.937738)
(55.0392 -3.67251 -0.937738)
(15 14.2679 -0.937738)
(58.2214 15.2917 -0.937738)
(45.9012 21.1265 -0.937738)
(48.0821 24.7654 -0.937738)
(45.6466 4.63976 -0.937738)
(41.1139 16.8984 -0.937738)
(48.3043 5.94005 -0.937738)
(9 14.2679 -0.937738)
(1.73205 7 -0.937738)
(1.73205 11 -0.937738)
(62.3828 36.1165 -0.937738)
(49.7321 35 -0.937738)
(49.7321 39 -0.937738)
(62.2875 45.7871 -0.937738)
(49.7321 45 -0.937738)
(49.7321 49 -0.937738)
(23 14.2679 -0.937738)
(23 1.73205 -0.937738)
(27 1.73205 -0.937738)
(53.484 -2.90217 -0.937738)
(53.484 -0.720346 -0.937738)
(53.484 2.55238 -0.937738)
(53.484 4.73419 -0.937738)
(55.8444 11.0599 -0.937738)
(55.7061 9.29682 -0.937738)
(57 62.2679 -0.937738)
(62.3261 55.6256 -0.937738)
(37.6781 2.10208 -0.937738)
(41.0034 2.93329 -0.937738)
(62.3828 29.1114 -0.937738)
(49.3511 28.805 -0.937738)
(7 1.73205 -0.937738)
(1.73205 3 -0.937738)
(49.7321 55 -0.937738)
(49.7321 59 -0.937738)
(50.5382 7.24206 -0.937738)
(5 14.2679 -0.937738)
(29 1.73205 -0.937738)
(31 14.2679 -0.937738)
(32.7821 1.43842 -0.937738)
(55.5228 6.08164 -0.937738)
(53.484 5.8251 -0.937738)
(55.4218 2.35874 -0.937738)
(55.4219 -0.229566 -0.937738)
(53 62.2679 -0.937738)
(62.3777 59.4344 -0.937738)
(17 14.2679 -0.937738)
(15 1.73205 -0.937738)
(13 14.2679 -0.937738)
(57.7193 14.4407 -0.937738)
(58.7227 16.2055 -0.937738)
(44.4877 19.5123 -0.937738)
(48.8347 26.7449 -0.937738)
(60.6163 20.5402 -0.937738)
(44.1729 4.02524 -0.937738)
(42.8735 18.0988 -0.937738)
(39.2346 15.9179 -0.937738)
(11 14.2679 -0.937738)
(7 14.2679 -0.937738)
(1.73205 5 -0.937738)
(62.416 34.2683 -0.937738)
(62.3539 38.0007 -0.937738)
(49.7321 33 -0.937738)
(49.7321 41 -0.937738)
(62.2962 43.8147 -0.937738)
(62.2843 47.7664 -0.937738)
(49.7321 43 -0.937738)
(49.7321 51 -0.937738)
(25 14.2679 -0.937738)
(21 14.2679 -0.937738)
(19 1.73205 -0.937738)
(21 1.73205 -0.937738)
(53.484 0.37056 -0.937738)
(56.2444 12.2345 -0.937738)
(55.6396 8.29704 -0.937738)
(55 62.2679 -0.937738)
(59 62.2679 -0.937738)
(62.2944 51.7202 -0.937738)
(62.3076 53.682 -0.937738)
(36.012 1.8032 -0.937738)
(62.2388 27.5245 -0.937738)
(62.4475 30.7526 -0.937738)
(11 1.73205 -0.937738)
(9 1.73205 -0.937738)
(49.7321 53 -0.937738)
(49.4752 6.59726 -0.937738)
(33.074 14.3766 -0.937738)
(29 14.2679 -0.937738)
(34.3732 1.58316 -0.937738)
(55.4772 4.88213 -0.937738)
(55.4433 -1.50721 -0.937738)
(19 14.2679 -0.937738)
(13 1.73205 -0.937738)
(17 1.73205 -0.937738)
(57.2201 13.6495 -0.937738)
(59.7033 18.2326 -0.937738)
(59.2184 17.185 -0.937738)
(61.0318 21.8019 -0.937738)
(42.6183 3.45337 -0.937738)
(37.2551 15.1653 -0.937738)
(62.3296 39.9155 -0.937738)
(27 14.2679 -0.937738)
(53.484 1.46146 -0.937738)
(56.7276 12.9152 -0.937738)
(55.5777 7.22309 -0.937738)
(62.2866 49.7462 -0.937738)
(62.0234 25.9967 -0.937738)
(62.449 32.4618 -0.937738)
(55.443 3.63647 -0.937738)
(60.1714 19.3504 -0.937738)
(61.4117 23.1331 -0.937738)
(35.1951 14.6489 -0.937738)
(62.3103 41.8554 -0.937738)
(61.7449 24.5319 -0.937738)
(52.9958 10.203 -0.937738)
(43.593 10.8478 -0.937738)
(8 8 -0.937738)
(56.0184 36 -0.937738)
(55.9717 46 -0.937738)
(24 8 -0.937738)
(56.8023 56.6529 -0.937738)
(55.8649 29.0468 -0.937738)
(4 12 -0.937738)
(52 60 -0.937738)
(16 8 -0.937738)
(52.0555 18.2172 -0.937738)
(4 4 -0.937738)
(60.3089 60.3982 -0.937738)
(32.9327 7.90738 -0.937738)
(54.4195 7.82858 -0.937738)
(53.8942 12.3796 -0.937738)
(54.3824 10.7567 -0.937738)
(48.4862 11.4457 -0.937738)
(44.9836 7.86412 -0.937738)
(41.6478 13.584 -0.937738)
(38.7075 8.0654 -0.937738)
(8 4.78625 -0.937738)
(10 10.8947 -0.937738)
(4.78625 8 -0.937738)
(52.7957 36 -0.937738)
(59.2175 35.1352 -0.937738)
(57.3881 40.8364 -0.937738)
(52.7718 46 -0.937738)
(59.0923 44.7867 -0.937738)
(58.6027 48.7606 -0.937738)
(24 4.78625 -0.937738)
(22 10.8947 -0.937738)
(26 10.8947 -0.937738)
(56 59.4922 -0.937738)
(59.6532 56.618 -0.937738)
(53.2266 56 -0.937738)
(52.5879 29.4674 -0.937738)
(59.1286 28.6069 -0.937738)
(56.2799 23.8779 -0.937738)
(6 12.4726 -0.937738)
(3.52742 10 -0.937738)
(54 60.4726 -0.937738)
(51.5274 58 -0.937738)
(16 11.2137 -0.937738)
(16 4.78625 -0.937738)
(49.2088 20.1593 -0.937738)
(55.058 16.5848 -0.937738)
(3.52742 6 -0.937738)
(6 3.52742 -0.937738)
(60.6903 58.5146 -0.937738)
(33.2909 4.6628 -0.937738)
(34.5716 11.1077 -0.937738)
(28.4505 6.42194 -0.937738)
(30 10.4902 -0.937738)
(53.4277 7.90949 -0.937738)
(54.7234 8.86011 -0.937738)
(54.5811 6.72717 -0.937738)
(55.1446 13.527 -0.937738)
(51.1327 12.2457 -0.937738)
(46.5611 15.5157 -0.937738)
(48.7591 8.97628 -0.937738)
(44.2045 6.0236 -0.937738)
(46.8334 7.22914 -0.937738)
(46.1523 10.2247 -0.937738)
(43.3206 15.5536 -0.937738)
(39.0804 13.3439 -0.937738)
(37.8697 5.13952 -0.937738)
(41.8538 8.22128 -0.937738)
(10 3.75028 -0.937738)
(12 12.1366 -0.937738)
(12 7.37455 -0.937738)
(6.39313 6.39313 -0.937738)
(51.7535 38 -0.937738)
(51.7535 34 -0.937738)
(60.4447 33.3288 -0.937738)
(56.79 32.5046 -0.937738)
(60.3655 37.0279 -0.937738)
(53.5832 42 -0.937738)
(59.9494 40.8619 -0.937738)
(51.7454 48 -0.937738)
(51.7454 44 -0.937738)
(56.7741 43.444 -0.937738)
(60.2245 46.7734 -0.937738)
(58.455 52.7271 -0.937738)
(60.0464 50.7421 -0.937738)
(58.0295 46.6729 -0.937738)
(22 3.75028 -0.937738)
(26 3.75028 -0.937738)
(20 12.1366 -0.937738)
(24 12.1366 -0.937738)
(20 7.37455 -0.937738)
(28 12.1366 -0.937738)
(58.0925 60.2397 -0.937738)
(60.4511 54.6715 -0.937738)
(54.7793 57.6142 -0.937738)
(51.9086 54 -0.937738)
(51.3647 27.2053 -0.937738)
(60.3184 27.0161 -0.937738)
(60.5782 30.0044 -0.937738)
(58.2912 22.0051 -0.937738)
(57.1902 26.5521 -0.937738)
(8.20237 12.1966 -0.937738)
(6.39313 9.96492 -0.937738)
(14 3.75028 -0.937738)
(18 3.75028 -0.937738)
(49.7072 22.7221 -0.937738)
(46.9985 18.7398 -0.937738)
(56.5452 15.7071 -0.937738)
(56.8446 18.9198 -0.937738)
(34.948 3.51515 -0.937738)
(35.8073 8.45513 -0.937738)
(32.1596 11.9801 -0.937738)
(26.6211 8.32729 -0.937738)
(31.0582 6.05839 -0.937738)
(52.4406 8.76207 -0.937738)
(54.8845 9.82161 -0.937738)
(54.5405 5.65834 -0.937738)
(52.6536 14.9865 -0.937738)
(56.1685 13.8226 -0.937738)
(49.0911 14.2221 -0.937738)
(45.0342 17.2597 -0.937738)
(50.2524 8.7285 -0.937738)
(42.9155 5.04455 -0.937738)
(48.266 7.38002 -0.937738)
(45.786 6.14256 -0.937738)
(45.4578 12.9397 -0.937738)
(36.6573 12.566 -0.937738)
(39.7067 4.42012 -0.937738)
(43.5281 9.00164 -0.937738)
(40.1582 10.6154 -0.937738)
(12 3.48439 -0.937738)
(14.1434 12.2967 -0.937738)
(14.2024 6.39313 -0.937738)
(9.96593 6.13305 -0.937738)
(10.1509 8.65216 -0.937738)
(51.4848 40 -0.937738)
(54.8033 38.9563 -0.937738)
(54.4071 33.8888 -0.937738)
(51.8312 31.6712 -0.937738)
(57.3169 34.4538 -0.937738)
(57.7096 30.406 -0.937738)
(54.4847 31.2687 -0.937738)
(57.8162 38.103 -0.937738)
(60.6637 38.9368 -0.937738)
(54.3718 44.2423 -0.937738)
(60.2978 42.994 -0.937738)
(55.0483 49.5141 -0.937738)
(51.4837 50 -0.937738)
(55.5998 41.7914 -0.937738)
(58.207 54.9335 -0.937738)
(57.9898 50.7238 -0.937738)
(20 3.48439 -0.937738)
(28.3707 4.03546 -0.937738)
(17.8566 12.2967 -0.937738)
(24.1012 10.0683 -0.937738)
(22.0341 6.13305 -0.937738)
(17.7976 6.39313 -0.937738)
(21.8491 8.65216 -0.937738)
(27.9316 10.0155 -0.937738)
(58.2464 58.1589 -0.937738)
(60.5414 52.6766 -0.937738)
(55.1235 55.7293 -0.937738)
(53.9698 27.2584 -0.937738)
(50.4602 24.9941 -0.937738)
(60.5768 25.5128 -0.937738)
(60.969 28.4398 -0.937738)
(61.0205 31.6085 -0.937738)
(58.9562 20.4829 -0.937738)
(59.7347 22.8919 -0.937738)
(8.33059 9.90984 -0.937738)
(51.8512 20.9752 -0.937738)
(49.4162 17.4058 -0.937738)
(57.568 16.2445 -0.937738)
(54.3951 18.9429 -0.937738)
(55.7645 21.308 -0.937738)
(36.7663 3.68436 -0.937738)
(33.4504 2.90918 -0.937738)
(34.1568 9.30037 -0.937738)
(37.0811 6.94823 -0.937738)
(34.698 6.46019 -0.937738)
(32.0374 9.84717 -0.937738)
(25.5316 6.39313 -0.937738)
(31.2567 3.89216 -0.937738)
(30.021 8.15295 -0.937738)
(53.2082 16.7599 -0.937738)
(55.2798 14.9801 -0.937738)
(56.8133 14.4592 -0.937738)
(55.8695 13.0124 -0.937738)
(50.9751 14.1255 -0.937738)
(51.327 10.0186 -0.937738)
(49.4684 7.80707 -0.937738)
(41.3879 4.5065 -0.937738)
(47.4222 8.51498 -0.937738)
(47.4339 13.1291 -0.937738)
(44.931 14.6896 -0.937738)
(43.4791 12.8264 -0.937738)
(37.5239 10.2435 -0.937738)
(40.3592 6.55854 -0.937738)
(42.0542 9.97764 -0.937738)
(43.4655 7.42158 -0.937738)
(13.2554 9.75559 -0.937738)
(12.4531 5.42947 -0.937738)
(51.4642 42 -0.937738)
(54.4071 37.0655 -0.937738)
(53.3526 40.1411 -0.937738)
(57.7779 36.1592 -0.937738)
(58.7943 32.1321 -0.937738)
(58.439 42.4599 -0.937738)
(53.8321 47.8075 -0.937738)
(53.545 51.8036 -0.937738)
(51.4999 52.0208 -0.937738)
(18.7446 9.75559 -0.937738)
(19.5469 5.42947 -0.937738)
(56.2164 53.5926 -0.937738)
(53.9241 54.106 -0.937738)
(55.3152 25.6982 -0.937738)
(52.7053 25.3664 -0.937738)
(58.9144 19.2199 -0.937738)
(59.7513 21.5243 -0.937738)
(58.1439 23.8632 -0.937738)
(60.4154 24.1095 -0.937738)
(51.1749 16.3835 -0.937738)
(48.3562 15.9056 -0.937738)
(56.4182 17.1909 -0.937738)
(58.1748 17.098 -0.937738)
(53.8329 20.8474 -0.937738)
(38.2444 3.48225 -0.937738)
(32.0666 2.65077 -0.937738)
(54.9496 12.4844 -0.937738)
(52.457 13.3032 -0.937738)
(49.7376 10.2499 -0.937738)
(47.6533 10.0132 -0.937738)
(42.066 11.7525 -0.937738)
(42.0325 6.55751 -0.937738)
(15.0941 9.60687 -0.937738)
(55.9973 37.7191 -0.937738)
(55.6509 51.548 -0.937738)
(54.2118 23.9476 -0.937738)
(51.9141 23.2416 -0.937738)
(58.748 25.5911 -0.937738)
(58.6167 18.0995 -0.937738)
(54.352 13.1357 -0.937738)
(52.536 11.8462 -0.937738)
(47.0707 11.3103 -0.937738)
(54.2487 14.3432 -0.937738)
(54.1583 15.6427 -0.937738)
)


// ************************************************************************* //
