# Field minima and maxima
# Time        	field         	min           	location(min) 	max           	location(max) 
1             	mag(U)        	0.000000e+00	(-1.980858e-02 2.540000e-02 -1.473427e-21)	6.500000e+00	(-2.060000e-02 1.594203e-04 1.400103e-21)
2             	mag(U)        	0.000000e+00	(-1.980858e-02 2.540000e-02 -1.473427e-21)	1.138973e+01	(-3.957092e-04 1.594203e-04 -2.485108e-21)
3             	mag(U)        	0.000000e+00	(-1.980858e-02 2.540000e-02 -1.473427e-21)	1.554437e+01	(-3.957092e-04 1.594203e-04 -2.485108e-21)
4             	mag(U)        	0.000000e+00	(-1.980858e-02 2.540000e-02 -1.473427e-21)	1.418870e+01	(2.644796e-04 1.599403e-04 -4.718007e-21)
5             	mag(U)        	0.000000e+00	(-1.980858e-02 2.540000e-02 -1.473427e-21)	8.593228e+00	(7.949235e-04 1.609832e-04 -3.073944e-20)
6             	mag(U)        	0.000000e+00	(-1.980858e-02 2.540000e-02 -1.473427e-21)	8.950341e+00	(7.947134e-04 -1.998231e-03 -4.427105e-21)
7             	mag(U)        	0.000000e+00	(-1.980858e-02 2.540000e-02 -1.473427e-21)	7.970059e+00	(7.947134e-04 -1.998231e-03 -4.427105e-21)
8             	mag(U)        	0.000000e+00	(-1.980858e-02 2.540000e-02 -1.473427e-21)	8.968281e+00	(2.874282e-01 -1.655703e-02 1.902175e-20)
9             	mag(U)        	0.000000e+00	(-1.980858e-02 2.540000e-02 -1.473427e-21)	1.013784e+01	(2.874282e-01 -1.655703e-02 1.902175e-20)
10            	mag(U)        	0.000000e+00	(-1.980858e-02 2.540000e-02 -1.473427e-21)	9.086160e+00	(2.874282e-01 -1.655703e-02 1.902175e-20)
11            	mag(U)        	0.000000e+00	(-1.980858e-02 2.540000e-02 -1.473427e-21)	7.344614e+00	(2.874282e-01 -1.655703e-02 1.902175e-20)
12            	mag(U)        	0.000000e+00	(-1.980858e-02 2.540000e-02 -1.473427e-21)	6.789108e+00	(-1.264799e-02 2.473835e-02 -2.803006e-20)
13            	mag(U)        	0.000000e+00	(-1.980858e-02 2.540000e-02 -1.473427e-21)	7.328402e+00	(2.874282e-01 -1.655703e-02 1.902175e-20)
14            	mag(U)        	0.000000e+00	(-1.980858e-02 2.540000e-02 -1.473427e-21)	8.308553e+00	(2.874282e-01 -1.655703e-02 1.902175e-20)
15            	mag(U)        	0.000000e+00	(-1.980858e-02 2.540000e-02 -1.473427e-21)	8.622011e+00	(2.874282e-01 -1.655703e-02 1.902175e-20)
16            	mag(U)        	0.000000e+00	(-1.980858e-02 2.540000e-02 -1.473427e-21)	8.185674e+00	(2.874282e-01 -1.655703e-02 1.902175e-20)
17            	mag(U)        	0.000000e+00	(-1.980858e-02 2.540000e-02 -1.473427e-21)	7.628190e+00	(2.874282e-01 -1.655703e-02 1.902175e-20)
18            	mag(U)        	0.000000e+00	(-1.980858e-02 2.540000e-02 -1.473427e-21)	7.499628e+00	(2.874282e-01 -1.655703e-02 1.902175e-20)
19            	mag(U)        	0.000000e+00	(-1.980858e-02 2.540000e-02 -1.473427e-21)	7.789392e+00	(2.874282e-01 -1.655703e-02 1.902175e-20)
20            	mag(U)        	0.000000e+00	(-1.980858e-02 2.540000e-02 -1.473427e-21)	8.112373e+00	(2.874282e-01 -1.655703e-02 1.902175e-20)
21            	mag(U)        	0.000000e+00	(-1.980858e-02 2.540000e-02 -1.473427e-21)	8.171756e+00	(2.874282e-01 -1.655703e-02 1.902175e-20)
22            	mag(U)        	0.000000e+00	(-1.980858e-02 2.540000e-02 -1.473427e-21)	8.002193e+00	(2.874282e-01 -1.655703e-02 1.902175e-20)
23            	mag(U)        	0.000000e+00	(-1.980858e-02 2.540000e-02 -1.473427e-21)	7.835428e+00	(2.874282e-01 -1.655703e-02 1.902175e-20)
24            	mag(U)        	0.000000e+00	(-1.980858e-02 2.540000e-02 -1.473427e-21)	7.827169e+00	(2.874282e-01 -1.655703e-02 1.902175e-20)
25            	mag(U)        	0.000000e+00	(-1.980858e-02 2.540000e-02 -1.473427e-21)	7.940677e+00	(2.874282e-01 -1.655703e-02 1.902175e-20)
26            	mag(U)        	0.000000e+00	(-1.980858e-02 2.540000e-02 -1.473427e-21)	8.039163e+00	(2.874282e-01 -1.655703e-02 1.902175e-20)
27            	mag(U)        	0.000000e+00	(-1.980858e-02 2.540000e-02 -1.473427e-21)	8.041936e+00	(2.874282e-01 -1.655703e-02 1.902175e-20)
28            	mag(U)        	0.000000e+00	(-1.980858e-02 2.540000e-02 -1.473427e-21)	7.981252e+00	(2.874282e-01 -1.655703e-02 1.902175e-20)
29            	mag(U)        	0.000000e+00	(-1.980858e-02 2.540000e-02 -1.473427e-21)	7.936399e+00	(2.874282e-01 -1.655703e-02 1.902175e-20)
30            	mag(U)        	0.000000e+00	(-1.980858e-02 2.540000e-02 -1.473427e-21)	7.947722e+00	(2.874282e-01 -1.655703e-02 1.902175e-20)
31            	mag(U)        	0.000000e+00	(-1.980858e-02 2.540000e-02 -1.473427e-21)	7.990120e+00	(2.874282e-01 -1.655703e-02 1.902175e-20)
32            	mag(U)        	0.000000e+00	(-1.980858e-02 2.540000e-02 -1.473427e-21)	8.017767e+00	(2.874282e-01 -1.655703e-02 1.902175e-20)
33            	mag(U)        	0.000000e+00	(-1.980858e-02 2.540000e-02 -1.473427e-21)	8.012223e+00	(2.874282e-01 -1.655703e-02 1.902175e-20)
34            	mag(U)        	0.000000e+00	(-1.980858e-02 2.540000e-02 -1.473427e-21)	7.990225e+00	(2.874282e-01 -1.655703e-02 1.902175e-20)
35            	mag(U)        	0.000000e+00	(-1.980858e-02 2.540000e-02 -1.473427e-21)	7.977715e+00	(2.874282e-01 -1.655703e-02 1.902175e-20)
36            	mag(U)        	0.000000e+00	(-1.980858e-02 2.540000e-02 -1.473427e-21)	7.983601e+00	(2.874282e-01 -1.655703e-02 1.902175e-20)
37            	mag(U)        	0.000000e+00	(-1.980858e-02 2.540000e-02 -1.473427e-21)	7.997039e+00	(2.874282e-01 -1.655703e-02 1.902175e-20)
38            	mag(U)        	0.000000e+00	(-1.980858e-02 2.540000e-02 -1.473427e-21)	8.003457e+00	(2.874282e-01 -1.655703e-02 1.902175e-20)
39            	mag(U)        	0.000000e+00	(-1.980858e-02 2.540000e-02 -1.473427e-21)	7.998839e+00	(2.874282e-01 -1.655703e-02 1.902175e-20)
40            	mag(U)        	0.000000e+00	(-1.980858e-02 2.540000e-02 -1.473427e-21)	7.989817e+00	(2.874282e-01 -1.655703e-02 1.902175e-20)
41            	mag(U)        	0.000000e+00	(-1.980858e-02 2.540000e-02 -1.473427e-21)	7.984333e+00	(2.874282e-01 -1.655703e-02 1.902175e-20)
42            	mag(U)        	0.000000e+00	(-1.980858e-02 2.540000e-02 -1.473427e-21)	7.984268e+00	(2.874282e-01 -1.655703e-02 1.902175e-20)
43            	mag(U)        	0.000000e+00	(-1.980858e-02 2.540000e-02 -1.473427e-21)	7.985792e+00	(2.874282e-01 -1.655703e-02 1.902175e-20)
44            	mag(U)        	0.000000e+00	(-1.980858e-02 2.540000e-02 -1.473427e-21)	7.984907e+00	(2.874282e-01 -1.655703e-02 1.902175e-20)
45            	mag(U)        	0.000000e+00	(-1.980858e-02 2.540000e-02 -1.473427e-21)	7.980998e+00	(2.874282e-01 -1.655703e-02 1.902175e-20)
46            	mag(U)        	0.000000e+00	(-1.980858e-02 2.540000e-02 -1.473427e-21)	7.976148e+00	(2.874282e-01 -1.655703e-02 1.902175e-20)
47            	mag(U)        	0.000000e+00	(-1.980858e-02 2.540000e-02 -1.473427e-21)	7.972467e+00	(2.874282e-01 -1.655703e-02 1.902175e-20)
48            	mag(U)        	0.000000e+00	(-1.980858e-02 2.540000e-02 -1.473427e-21)	7.970048e+00	(2.874282e-01 -1.655703e-02 1.902175e-20)
49            	mag(U)        	0.000000e+00	(-1.980858e-02 2.540000e-02 -1.473427e-21)	7.967656e+00	(2.874282e-01 -1.655703e-02 1.902175e-20)
50            	mag(U)        	0.000000e+00	(-1.980858e-02 2.540000e-02 -1.473427e-21)	7.964481e+00	(2.874282e-01 -1.655703e-02 1.902175e-20)
51            	mag(U)        	0.000000e+00	(-1.980858e-02 2.540000e-02 -1.473427e-21)	7.960630e+00	(2.874282e-01 -1.655703e-02 1.902175e-20)
52            	mag(U)        	0.000000e+00	(-1.980858e-02 2.540000e-02 -1.473427e-21)	7.956780e+00	(2.874282e-01 -1.655703e-02 1.902175e-20)
53            	mag(U)        	0.000000e+00	(-1.980858e-02 2.540000e-02 -1.473427e-21)	7.953284e+00	(2.874282e-01 -1.655703e-02 1.902175e-20)
54            	mag(U)        	0.000000e+00	(-1.980858e-02 2.540000e-02 -1.473427e-21)	7.949972e+00	(2.874282e-01 -1.655703e-02 1.902175e-20)
55            	mag(U)        	0.000000e+00	(-1.980858e-02 2.540000e-02 -1.473427e-21)	7.946474e+00	(2.874282e-01 -1.655703e-02 1.902175e-20)
56            	mag(U)        	0.000000e+00	(-1.980858e-02 2.540000e-02 -1.473427e-21)	7.942740e+00	(2.874282e-01 -1.655703e-02 1.902175e-20)
57            	mag(U)        	0.000000e+00	(-1.980858e-02 2.540000e-02 -1.473427e-21)	7.938939e+00	(2.874282e-01 -1.655703e-02 1.902175e-20)
58            	mag(U)        	0.000000e+00	(-1.980858e-02 2.540000e-02 -1.473427e-21)	7.935268e+00	(2.874282e-01 -1.655703e-02 1.902175e-20)
59            	mag(U)        	0.000000e+00	(-1.980858e-02 2.540000e-02 -1.473427e-21)	7.931815e+00	(2.874282e-01 -1.655703e-02 1.902175e-20)
60            	mag(U)        	0.000000e+00	(-1.980858e-02 2.540000e-02 -1.473427e-21)	7.928433e+00	(2.874282e-01 -1.655703e-02 1.902175e-20)
61            	mag(U)        	0.000000e+00	(-1.980858e-02 2.540000e-02 -1.473427e-21)	7.924968e+00	(2.874282e-01 -1.655703e-02 1.902175e-20)
62            	mag(U)        	0.000000e+00	(-1.980858e-02 2.540000e-02 -1.473427e-21)	7.921427e+00	(2.874282e-01 -1.655703e-02 1.902175e-20)
63            	mag(U)        	0.000000e+00	(-1.980858e-02 2.540000e-02 -1.473427e-21)	7.917929e+00	(2.874282e-01 -1.655703e-02 1.902175e-20)
64            	mag(U)        	0.000000e+00	(-1.980858e-02 2.540000e-02 -1.473427e-21)	7.914564e+00	(2.874282e-01 -1.655703e-02 1.902175e-20)
65            	mag(U)        	0.000000e+00	(-1.980858e-02 2.540000e-02 -1.473427e-21)	7.911301e+00	(2.874282e-01 -1.655703e-02 1.902175e-20)
66            	mag(U)        	0.000000e+00	(-1.980858e-02 2.540000e-02 -1.473427e-21)	7.908066e+00	(2.874282e-01 -1.655703e-02 1.902175e-20)
67            	mag(U)        	0.000000e+00	(-1.980858e-02 2.540000e-02 -1.473427e-21)	7.904808e+00	(2.874282e-01 -1.655703e-02 1.902175e-20)
68            	mag(U)        	0.000000e+00	(-1.980858e-02 2.540000e-02 -1.473427e-21)	7.901491e+00	(2.874282e-01 -1.655703e-02 1.902175e-20)
69            	mag(U)        	0.000000e+00	(-1.980858e-02 2.540000e-02 -1.473427e-21)	7.898217e+00	(2.874282e-01 -1.655703e-02 1.902175e-20)
70            	mag(U)        	0.000000e+00	(-1.980858e-02 2.540000e-02 -1.473427e-21)	7.895025e+00	(2.874282e-01 -1.655703e-02 1.902175e-20)
71            	mag(U)        	0.000000e+00	(-1.980858e-02 2.540000e-02 -1.473427e-21)	7.891824e+00	(2.874282e-01 -1.655703e-02 1.902175e-20)
72            	mag(U)        	0.000000e+00	(-1.980858e-02 2.540000e-02 -1.473427e-21)	7.888532e+00	(2.874282e-01 -1.655703e-02 1.902175e-20)
73            	mag(U)        	0.000000e+00	(-1.980858e-02 2.540000e-02 -1.473427e-21)	7.885124e+00	(2.874282e-01 -1.655703e-02 1.902175e-20)
74            	mag(U)        	0.000000e+00	(-1.980858e-02 2.540000e-02 -1.473427e-21)	7.881576e+00	(2.874282e-01 -1.655703e-02 1.902175e-20)
75            	mag(U)        	0.000000e+00	(-1.980858e-02 2.540000e-02 -1.473427e-21)	7.877920e+00	(2.874282e-01 -1.655703e-02 1.902175e-20)
76            	mag(U)        	0.000000e+00	(-1.980858e-02 2.540000e-02 -1.473427e-21)	7.874243e+00	(2.874282e-01 -1.655703e-02 1.902175e-20)
77            	mag(U)        	0.000000e+00	(-1.980858e-02 2.540000e-02 -1.473427e-21)	7.870498e+00	(2.874282e-01 -1.655703e-02 1.902175e-20)
78            	mag(U)        	0.000000e+00	(-1.980858e-02 2.540000e-02 -1.473427e-21)	7.866558e+00	(2.874282e-01 -1.655703e-02 1.902175e-20)
79            	mag(U)        	0.000000e+00	(-1.980858e-02 2.540000e-02 -1.473427e-21)	7.862362e+00	(2.874282e-01 -1.655703e-02 1.902175e-20)
80            	mag(U)        	0.000000e+00	(-1.980858e-02 2.540000e-02 -1.473427e-21)	7.857923e+00	(2.874282e-01 -1.655703e-02 1.902175e-20)
81            	mag(U)        	0.000000e+00	(-1.980858e-02 2.540000e-02 -1.473427e-21)	7.853271e+00	(2.874282e-01 -1.655703e-02 1.902175e-20)
82            	mag(U)        	0.000000e+00	(-1.980858e-02 2.540000e-02 -1.473427e-21)	7.848411e+00	(2.874282e-01 -1.655703e-02 1.902175e-20)
83            	mag(U)        	0.000000e+00	(-1.980858e-02 2.540000e-02 -1.473427e-21)	7.843317e+00	(2.874282e-01 -1.655703e-02 1.902175e-20)
84            	mag(U)        	0.000000e+00	(-1.980858e-02 2.540000e-02 -1.473427e-21)	7.837952e+00	(2.874282e-01 -1.655703e-02 1.902175e-20)
85            	mag(U)        	0.000000e+00	(-1.980858e-02 2.540000e-02 -1.473427e-21)	7.832294e+00	(2.874282e-01 -1.655703e-02 1.902175e-20)
86            	mag(U)        	0.000000e+00	(-1.980858e-02 2.540000e-02 -1.473427e-21)	7.826327e+00	(2.874282e-01 -1.655703e-02 1.902175e-20)
87            	mag(U)        	0.000000e+00	(-1.980858e-02 2.540000e-02 -1.473427e-21)	7.820046e+00	(2.874282e-01 -1.655703e-02 1.902175e-20)
88            	mag(U)        	0.000000e+00	(-1.980858e-02 2.540000e-02 -1.473427e-21)	7.813452e+00	(2.874282e-01 -1.655703e-02 1.902175e-20)
89            	mag(U)        	0.000000e+00	(-1.980858e-02 2.540000e-02 -1.473427e-21)	7.806536e+00	(2.874282e-01 -1.655703e-02 1.902175e-20)
90            	mag(U)        	0.000000e+00	(-1.980858e-02 2.540000e-02 -1.473427e-21)	7.799281e+00	(2.874282e-01 -1.655703e-02 1.902175e-20)
91            	mag(U)        	0.000000e+00	(-1.980858e-02 2.540000e-02 -1.473427e-21)	7.791668e+00	(2.874282e-01 -1.655703e-02 1.902175e-20)
92            	mag(U)        	0.000000e+00	(-1.980858e-02 2.540000e-02 -1.473427e-21)	7.783685e+00	(2.874282e-01 -1.655703e-02 1.902175e-20)
93            	mag(U)        	0.000000e+00	(-1.980858e-02 2.540000e-02 -1.473427e-21)	7.775329e+00	(2.874282e-01 -1.655703e-02 1.902175e-20)
94            	mag(U)        	0.000000e+00	(-1.980858e-02 2.540000e-02 -1.473427e-21)	7.766594e+00	(2.874282e-01 -1.655703e-02 1.902175e-20)
95            	mag(U)        	0.000000e+00	(-1.980858e-02 2.540000e-02 -1.473427e-21)	7.757475e+00	(2.874282e-01 -1.655703e-02 1.902175e-20)
96            	mag(U)        	0.000000e+00	(-1.980858e-02 2.540000e-02 -1.473427e-21)	7.747964e+00	(2.874282e-01 -1.655703e-02 1.902175e-20)
97            	mag(U)        	0.000000e+00	(-1.980858e-02 2.540000e-02 -1.473427e-21)	7.738063e+00	(2.874282e-01 -1.655703e-02 1.902175e-20)
98            	mag(U)        	0.000000e+00	(-1.980858e-02 2.540000e-02 -1.473427e-21)	7.727771e+00	(2.874282e-01 -1.655703e-02 1.902175e-20)
99            	mag(U)        	0.000000e+00	(-1.980858e-02 2.540000e-02 -1.473427e-21)	7.717059e+00	(2.874282e-01 -1.655703e-02 1.902175e-20)
100           	mag(U)        	0.000000e+00	(-1.980858e-02 2.540000e-02 -1.473427e-21)	7.705936e+00	(2.874282e-01 -1.655703e-02 1.902175e-20)
101           	mag(U)        	0.000000e+00	(-1.980858e-02 2.540000e-02 -1.473427e-21)	7.694464e+00	(2.874282e-01 -1.655703e-02 1.902175e-20)
102           	mag(U)        	0.000000e+00	(-1.980858e-02 2.540000e-02 -1.473427e-21)	7.682633e+00	(2.874282e-01 -1.655703e-02 1.902175e-20)
103           	mag(U)        	0.000000e+00	(-1.980858e-02 2.540000e-02 -1.473427e-21)	7.670382e+00	(2.874282e-01 -1.655703e-02 1.902175e-20)
104           	mag(U)        	0.000000e+00	(-1.980858e-02 2.540000e-02 -1.473427e-21)	7.657683e+00	(2.874282e-01 -1.655703e-02 1.902175e-20)
105           	mag(U)        	0.000000e+00	(-1.980858e-02 2.540000e-02 -1.473427e-21)	7.644547e+00	(2.874282e-01 -1.655703e-02 1.902175e-20)
106           	mag(U)        	0.000000e+00	(-1.980858e-02 2.540000e-02 -1.473427e-21)	7.631005e+00	(2.874282e-01 -1.655703e-02 1.902175e-20)
107           	mag(U)        	0.000000e+00	(-1.980858e-02 2.540000e-02 -1.473427e-21)	7.617077e+00	(2.874282e-01 -1.655703e-02 1.902175e-20)
108           	mag(U)        	0.000000e+00	(-1.980858e-02 2.540000e-02 -1.473427e-21)	7.602762e+00	(2.874282e-01 -1.655703e-02 1.902175e-20)
109           	mag(U)        	0.000000e+00	(-1.980858e-02 2.540000e-02 -1.473427e-21)	7.588052e+00	(2.874282e-01 -1.655703e-02 1.902175e-20)
110           	mag(U)        	0.000000e+00	(-1.980858e-02 2.540000e-02 -1.473427e-21)	7.572949e+00	(2.874282e-01 -1.655703e-02 1.902175e-20)
111           	mag(U)        	0.000000e+00	(-1.980858e-02 2.540000e-02 -1.473427e-21)	7.557452e+00	(2.874282e-01 -1.655703e-02 1.902175e-20)
112           	mag(U)        	0.000000e+00	(-1.980858e-02 2.540000e-02 -1.473427e-21)	7.541588e+00	(2.874282e-01 -1.655703e-02 1.902175e-20)
113           	mag(U)        	0.000000e+00	(-1.980858e-02 2.540000e-02 -1.473427e-21)	7.525378e+00	(2.874282e-01 -1.655703e-02 1.902175e-20)
114           	mag(U)        	0.000000e+00	(-1.980858e-02 2.540000e-02 -1.473427e-21)	7.508824e+00	(2.874282e-01 -1.655703e-02 1.902175e-20)
115           	mag(U)        	0.000000e+00	(-1.980858e-02 2.540000e-02 -1.473427e-21)	7.491927e+00	(2.874282e-01 -1.655703e-02 1.902175e-20)
116           	mag(U)        	0.000000e+00	(-1.980858e-02 2.540000e-02 -1.473427e-21)	7.474686e+00	(2.874282e-01 -1.655703e-02 1.902175e-20)
117           	mag(U)        	0.000000e+00	(-1.980858e-02 2.540000e-02 -1.473427e-21)	7.457151e+00	(2.874282e-01 -1.655703e-02 1.902175e-20)
118           	mag(U)        	0.000000e+00	(-1.980858e-02 2.540000e-02 -1.473427e-21)	7.439359e+00	(2.874282e-01 -1.655703e-02 1.902175e-20)
119           	mag(U)        	0.000000e+00	(-1.980858e-02 2.540000e-02 -1.473427e-21)	7.421291e+00	(2.874282e-01 -1.655703e-02 1.902175e-20)
120           	mag(U)        	0.000000e+00	(-1.980858e-02 2.540000e-02 -1.473427e-21)	7.402963e+00	(2.874282e-01 -1.655703e-02 1.902175e-20)
121           	mag(U)        	0.000000e+00	(-1.980858e-02 2.540000e-02 -1.473427e-21)	7.384380e+00	(2.874282e-01 -1.655703e-02 1.902175e-20)
122           	mag(U)        	0.000000e+00	(-1.980858e-02 2.540000e-02 -1.473427e-21)	7.365557e+00	(2.874282e-01 -1.655703e-02 1.902175e-20)
123           	mag(U)        	0.000000e+00	(-1.980858e-02 2.540000e-02 -1.473427e-21)	7.346532e+00	(2.874282e-01 -1.655703e-02 1.902175e-20)
124           	mag(U)        	0.000000e+00	(-1.980858e-02 2.540000e-02 -1.473427e-21)	7.327334e+00	(2.874282e-01 -1.655703e-02 1.902175e-20)
125           	mag(U)        	0.000000e+00	(-1.980858e-02 2.540000e-02 -1.473427e-21)	7.307972e+00	(2.874282e-01 -1.655703e-02 1.902175e-20)
126           	mag(U)        	0.000000e+00	(-1.980858e-02 2.540000e-02 -1.473427e-21)	7.288444e+00	(2.874282e-01 -1.655703e-02 1.902175e-20)
127           	mag(U)        	0.000000e+00	(-1.980858e-02 2.540000e-02 -1.473427e-21)	7.268759e+00	(2.874282e-01 -1.655703e-02 1.902175e-20)
128           	mag(U)        	0.000000e+00	(-1.980858e-02 2.540000e-02 -1.473427e-21)	7.248933e+00	(2.874282e-01 -1.655703e-02 1.902175e-20)
129           	mag(U)        	0.000000e+00	(-1.980858e-02 2.540000e-02 -1.473427e-21)	7.229004e+00	(2.874282e-01 -1.655703e-02 1.902175e-20)
130           	mag(U)        	0.000000e+00	(-1.980858e-02 2.540000e-02 -1.473427e-21)	7.208991e+00	(2.874282e-01 -1.655703e-02 1.902175e-20)
131           	mag(U)        	0.000000e+00	(-1.980858e-02 2.540000e-02 -1.473427e-21)	7.188895e+00	(2.874282e-01 -1.655703e-02 1.902175e-20)
132           	mag(U)        	0.000000e+00	(-1.980858e-02 2.540000e-02 -1.473427e-21)	7.168727e+00	(2.874282e-01 -1.655703e-02 1.902175e-20)
133           	mag(U)        	0.000000e+00	(-1.980858e-02 2.540000e-02 -1.473427e-21)	7.148494e+00	(2.874282e-01 -1.655703e-02 1.902175e-20)
134           	mag(U)        	0.000000e+00	(-1.980858e-02 2.540000e-02 -1.473427e-21)	7.128208e+00	(2.874282e-01 -1.655703e-02 1.902175e-20)
135           	mag(U)        	0.000000e+00	(-1.980858e-02 2.540000e-02 -1.473427e-21)	7.107894e+00	(2.874282e-01 -1.655703e-02 1.902175e-20)
136           	mag(U)        	0.000000e+00	(-1.980858e-02 2.540000e-02 -1.473427e-21)	7.087570e+00	(2.874282e-01 -1.655703e-02 1.902175e-20)
137           	mag(U)        	0.000000e+00	(-1.980858e-02 2.540000e-02 -1.473427e-21)	7.067248e+00	(2.874282e-01 -1.655703e-02 1.902175e-20)
138           	mag(U)        	0.000000e+00	(-1.980858e-02 2.540000e-02 -1.473427e-21)	7.046914e+00	(2.874282e-01 -1.655703e-02 1.902175e-20)
139           	mag(U)        	0.000000e+00	(-1.980858e-02 2.540000e-02 -1.473427e-21)	7.026580e+00	(2.874282e-01 -1.655703e-02 1.902175e-20)
140           	mag(U)        	0.000000e+00	(-1.980858e-02 2.540000e-02 -1.473427e-21)	7.006276e+00	(2.874282e-01 -1.655703e-02 1.902175e-20)
141           	mag(U)        	0.000000e+00	(-1.980858e-02 2.540000e-02 -1.473427e-21)	6.986033e+00	(2.874282e-01 -1.655703e-02 1.902175e-20)
142           	mag(U)        	0.000000e+00	(-1.980858e-02 2.540000e-02 -1.473427e-21)	6.965861e+00	(2.874282e-01 -1.655703e-02 1.902175e-20)
143           	mag(U)        	0.000000e+00	(-1.980858e-02 2.540000e-02 -1.473427e-21)	6.945810e+00	(2.874282e-01 -1.655703e-02 1.902175e-20)
144           	mag(U)        	0.000000e+00	(-1.980858e-02 2.540000e-02 -1.473427e-21)	6.925899e+00	(2.874282e-01 -1.655703e-02 1.902175e-20)
145           	mag(U)        	0.000000e+00	(-1.980858e-02 2.540000e-02 -1.473427e-21)	6.906129e+00	(2.874282e-01 -1.655703e-02 1.902175e-20)
146           	mag(U)        	0.000000e+00	(-1.980858e-02 2.540000e-02 -1.473427e-21)	6.886518e+00	(2.874282e-01 -1.655703e-02 1.902175e-20)
147           	mag(U)        	0.000000e+00	(-1.980858e-02 2.540000e-02 -1.473427e-21)	6.867040e+00	(2.874282e-01 -1.655703e-02 1.902175e-20)
148           	mag(U)        	0.000000e+00	(-1.980858e-02 2.540000e-02 -1.473427e-21)	6.847658e+00	(2.874282e-01 -1.655703e-02 1.902175e-20)
149           	mag(U)        	0.000000e+00	(-1.980858e-02 2.540000e-02 -1.473427e-21)	6.828379e+00	(2.874282e-01 -1.655703e-02 1.902175e-20)
150           	mag(U)        	0.000000e+00	(-1.980858e-02 2.540000e-02 -1.473427e-21)	6.809145e+00	(2.874282e-01 -1.655703e-02 1.902175e-20)
151           	mag(U)        	0.000000e+00	(-1.980858e-02 2.540000e-02 -1.473427e-21)	6.789984e+00	(2.874282e-01 -1.655703e-02 1.902175e-20)
152           	mag(U)        	0.000000e+00	(-1.980858e-02 2.540000e-02 -1.473427e-21)	6.770965e+00	(2.874282e-01 -1.655703e-02 1.902175e-20)
153           	mag(U)        	0.000000e+00	(-1.980858e-02 2.540000e-02 -1.473427e-21)	6.752163e+00	(2.874282e-01 -1.655703e-02 1.902175e-20)
154           	mag(U)        	0.000000e+00	(-1.980858e-02 2.540000e-02 -1.473427e-21)	6.733590e+00	(2.874282e-01 -1.655703e-02 1.902175e-20)
155           	mag(U)        	0.000000e+00	(-1.980858e-02 2.540000e-02 -1.473427e-21)	6.715251e+00	(2.874282e-01 -1.655703e-02 1.902175e-20)
156           	mag(U)        	0.000000e+00	(-1.980858e-02 2.540000e-02 -1.473427e-21)	6.697138e+00	(2.874282e-01 -1.655703e-02 1.902175e-20)
157           	mag(U)        	0.000000e+00	(-1.980858e-02 2.540000e-02 -1.473427e-21)	6.679269e+00	(2.874282e-01 -1.655703e-02 1.902175e-20)
158           	mag(U)        	0.000000e+00	(-1.980858e-02 2.540000e-02 -1.473427e-21)	6.661655e+00	(2.874282e-01 -1.655703e-02 1.902175e-20)
159           	mag(U)        	0.000000e+00	(-1.980858e-02 2.540000e-02 -1.473427e-21)	6.644327e+00	(2.874282e-01 -1.655703e-02 1.902175e-20)
160           	mag(U)        	0.000000e+00	(-1.980858e-02 2.540000e-02 -1.473427e-21)	6.627390e+00	(-3.957092e-04 1.629712e-03 -5.033340e-21)
161           	mag(U)        	0.000000e+00	(-1.980858e-02 2.540000e-02 -1.473427e-21)	6.627386e+00	(-3.957092e-04 1.629712e-03 -5.033340e-21)
162           	mag(U)        	0.000000e+00	(-1.980858e-02 2.540000e-02 -1.473427e-21)	6.627382e+00	(-3.957092e-04 1.629712e-03 -5.033340e-21)
163           	mag(U)        	0.000000e+00	(-1.980858e-02 2.540000e-02 -1.473427e-21)	6.627378e+00	(-3.957092e-04 1.629712e-03 -5.033340e-21)
164           	mag(U)        	0.000000e+00	(-1.980858e-02 2.540000e-02 -1.473427e-21)	6.627373e+00	(-3.957092e-04 1.629712e-03 -5.033340e-21)
165           	mag(U)        	0.000000e+00	(-1.980858e-02 2.540000e-02 -1.473427e-21)	6.627368e+00	(-3.957092e-04 1.629712e-03 -5.033340e-21)
166           	mag(U)        	0.000000e+00	(-1.980858e-02 2.540000e-02 -1.473427e-21)	6.627362e+00	(-3.957092e-04 1.629712e-03 -5.033340e-21)
167           	mag(U)        	0.000000e+00	(-1.980858e-02 2.540000e-02 -1.473427e-21)	6.627356e+00	(-3.957092e-04 1.629712e-03 -5.033340e-21)
168           	mag(U)        	0.000000e+00	(-1.980858e-02 2.540000e-02 -1.473427e-21)	6.627349e+00	(-3.957092e-04 1.629712e-03 -5.033340e-21)
169           	mag(U)        	0.000000e+00	(-1.980858e-02 2.540000e-02 -1.473427e-21)	6.627342e+00	(-3.957092e-04 1.629712e-03 -5.033340e-21)
170           	mag(U)        	0.000000e+00	(-1.980858e-02 2.540000e-02 -1.473427e-21)	6.627334e+00	(-3.957092e-04 1.629712e-03 -5.033340e-21)
171           	mag(U)        	0.000000e+00	(-1.980858e-02 2.540000e-02 -1.473427e-21)	6.627327e+00	(-3.957092e-04 1.629712e-03 -5.033340e-21)
172           	mag(U)        	0.000000e+00	(-1.980858e-02 2.540000e-02 -1.473427e-21)	6.627318e+00	(-3.957092e-04 1.629712e-03 -5.033340e-21)
173           	mag(U)        	0.000000e+00	(-1.980858e-02 2.540000e-02 -1.473427e-21)	6.627310e+00	(-3.957092e-04 1.629712e-03 -5.033340e-21)
174           	mag(U)        	0.000000e+00	(-1.980858e-02 2.540000e-02 -1.473427e-21)	6.627301e+00	(-3.957092e-04 1.629712e-03 -5.033340e-21)
175           	mag(U)        	0.000000e+00	(-1.980858e-02 2.540000e-02 -1.473427e-21)	6.627292e+00	(-3.957092e-04 1.629712e-03 -5.033340e-21)
176           	mag(U)        	0.000000e+00	(-1.980858e-02 2.540000e-02 -1.473427e-21)	6.627282e+00	(-3.957092e-04 1.629712e-03 -5.033340e-21)
177           	mag(U)        	0.000000e+00	(-1.980858e-02 2.540000e-02 -1.473427e-21)	6.627273e+00	(-3.957092e-04 1.629712e-03 -5.033340e-21)
178           	mag(U)        	0.000000e+00	(-1.980858e-02 2.540000e-02 -1.473427e-21)	6.627263e+00	(-3.957092e-04 1.629712e-03 -5.033340e-21)
179           	mag(U)        	0.000000e+00	(-1.980858e-02 2.540000e-02 -1.473427e-21)	6.627252e+00	(-3.957092e-04 1.629712e-03 -5.033340e-21)
180           	mag(U)        	0.000000e+00	(-1.980858e-02 2.540000e-02 -1.473427e-21)	6.627242e+00	(-3.957092e-04 1.629712e-03 -5.033340e-21)
181           	mag(U)        	0.000000e+00	(-1.980858e-02 2.540000e-02 -1.473427e-21)	6.627231e+00	(-3.957092e-04 1.629712e-03 -5.033340e-21)
182           	mag(U)        	0.000000e+00	(-1.980858e-02 2.540000e-02 -1.473427e-21)	6.627220e+00	(-3.957092e-04 1.629712e-03 -5.033340e-21)
183           	mag(U)        	0.000000e+00	(-1.980858e-02 2.540000e-02 -1.473427e-21)	6.627209e+00	(-3.957092e-04 1.629712e-03 -5.033340e-21)
184           	mag(U)        	0.000000e+00	(-1.980858e-02 2.540000e-02 -1.473427e-21)	6.627198e+00	(-3.957092e-04 1.629712e-03 -5.033340e-21)
185           	mag(U)        	0.000000e+00	(-1.980858e-02 2.540000e-02 -1.473427e-21)	6.627186e+00	(-3.957092e-04 1.629712e-03 -5.033340e-21)
186           	mag(U)        	0.000000e+00	(-1.980858e-02 2.540000e-02 -1.473427e-21)	6.627175e+00	(-3.957092e-04 1.629712e-03 -5.033340e-21)
187           	mag(U)        	0.000000e+00	(-1.980858e-02 2.540000e-02 -1.473427e-21)	6.627163e+00	(-3.957092e-04 1.629712e-03 -5.033340e-21)
188           	mag(U)        	0.000000e+00	(-1.980858e-02 2.540000e-02 -1.473427e-21)	6.627151e+00	(-3.957092e-04 1.629712e-03 -5.033340e-21)
189           	mag(U)        	0.000000e+00	(-1.980858e-02 2.540000e-02 -1.473427e-21)	6.627140e+00	(-3.957092e-04 1.629712e-03 -5.033340e-21)
190           	mag(U)        	0.000000e+00	(-1.980858e-02 2.540000e-02 -1.473427e-21)	6.627128e+00	(-3.957092e-04 1.629712e-03 -5.033340e-21)
191           	mag(U)        	0.000000e+00	(-1.980858e-02 2.540000e-02 -1.473427e-21)	6.627116e+00	(-3.957092e-04 1.629712e-03 -5.033340e-21)
192           	mag(U)        	0.000000e+00	(-1.980858e-02 2.540000e-02 -1.473427e-21)	6.627104e+00	(-3.957092e-04 1.629712e-03 -5.033340e-21)
193           	mag(U)        	0.000000e+00	(-1.980858e-02 2.540000e-02 -1.473427e-21)	6.627092e+00	(-3.957092e-04 1.629712e-03 -5.033340e-21)
194           	mag(U)        	0.000000e+00	(-1.980858e-02 2.540000e-02 -1.473427e-21)	6.627080e+00	(-3.957092e-04 1.629712e-03 -5.033340e-21)
195           	mag(U)        	0.000000e+00	(-1.980858e-02 2.540000e-02 -1.473427e-21)	6.627067e+00	(-3.957092e-04 1.629712e-03 -5.033340e-21)
196           	mag(U)        	0.000000e+00	(-1.980858e-02 2.540000e-02 -1.473427e-21)	6.627055e+00	(-3.957092e-04 1.629712e-03 -5.033340e-21)
197           	mag(U)        	0.000000e+00	(-1.980858e-02 2.540000e-02 -1.473427e-21)	6.627043e+00	(-3.957092e-04 1.629712e-03 -5.033340e-21)
198           	mag(U)        	0.000000e+00	(-1.980858e-02 2.540000e-02 -1.473427e-21)	6.627031e+00	(-3.957092e-04 1.629712e-03 -5.033340e-21)
199           	mag(U)        	0.000000e+00	(-1.980858e-02 2.540000e-02 -1.473427e-21)	6.627019e+00	(-3.957092e-04 1.629712e-03 -5.033340e-21)
200           	mag(U)        	0.000000e+00	(-1.980858e-02 2.540000e-02 -1.473427e-21)	6.627007e+00	(-3.957092e-04 1.629712e-03 -5.033340e-21)
201           	mag(U)        	0.000000e+00	(-1.980858e-02 2.540000e-02 -1.473427e-21)	6.626996e+00	(-3.957092e-04 1.629712e-03 -5.033340e-21)
202           	mag(U)        	0.000000e+00	(-1.980858e-02 2.540000e-02 -1.473427e-21)	6.626984e+00	(-3.957092e-04 1.629712e-03 -5.033340e-21)
203           	mag(U)        	0.000000e+00	(-1.980858e-02 2.540000e-02 -1.473427e-21)	6.626973e+00	(-3.957092e-04 1.629712e-03 -5.033340e-21)
204           	mag(U)        	0.000000e+00	(-1.980858e-02 2.540000e-02 -1.473427e-21)	6.626961e+00	(-3.957092e-04 1.629712e-03 -5.033340e-21)
205           	mag(U)        	0.000000e+00	(-1.980858e-02 2.540000e-02 -1.473427e-21)	6.626950e+00	(-3.957092e-04 1.629712e-03 -5.033340e-21)
206           	mag(U)        	0.000000e+00	(-1.980858e-02 2.540000e-02 -1.473427e-21)	6.626939e+00	(-3.957092e-04 1.629712e-03 -5.033340e-21)
207           	mag(U)        	0.000000e+00	(-1.980858e-02 2.540000e-02 -1.473427e-21)	6.626928e+00	(-3.957092e-04 1.629712e-03 -5.033340e-21)
208           	mag(U)        	0.000000e+00	(-1.980858e-02 2.540000e-02 -1.473427e-21)	6.626918e+00	(-3.957092e-04 1.629712e-03 -5.033340e-21)
209           	mag(U)        	0.000000e+00	(-1.980858e-02 2.540000e-02 -1.473427e-21)	6.626907e+00	(-3.957092e-04 1.629712e-03 -5.033340e-21)
210           	mag(U)        	0.000000e+00	(-1.980858e-02 2.540000e-02 -1.473427e-21)	6.626897e+00	(-3.957092e-04 1.629712e-03 -5.033340e-21)
211           	mag(U)        	0.000000e+00	(-1.980858e-02 2.540000e-02 -1.473427e-21)	6.626887e+00	(-3.957092e-04 1.629712e-03 -5.033340e-21)
212           	mag(U)        	0.000000e+00	(-1.980858e-02 2.540000e-02 -1.473427e-21)	6.626878e+00	(-3.957092e-04 1.629712e-03 -5.033340e-21)
213           	mag(U)        	0.000000e+00	(-1.980858e-02 2.540000e-02 -1.473427e-21)	6.626869e+00	(-3.957092e-04 1.629712e-03 -5.033340e-21)
214           	mag(U)        	0.000000e+00	(-1.980858e-02 2.540000e-02 -1.473427e-21)	6.626859e+00	(-3.957092e-04 1.629712e-03 -5.033340e-21)
215           	mag(U)        	0.000000e+00	(-1.980858e-02 2.540000e-02 -1.473427e-21)	6.626851e+00	(-3.957092e-04 1.629712e-03 -5.033340e-21)
216           	mag(U)        	0.000000e+00	(-1.980858e-02 2.540000e-02 -1.473427e-21)	6.626842e+00	(-3.957092e-04 1.629712e-03 -5.033340e-21)
217           	mag(U)        	0.000000e+00	(-1.980858e-02 2.540000e-02 -1.473427e-21)	6.626834e+00	(-3.957092e-04 1.629712e-03 -5.033340e-21)
218           	mag(U)        	0.000000e+00	(-1.980858e-02 2.540000e-02 -1.473427e-21)	6.626826e+00	(-3.957092e-04 1.629712e-03 -5.033340e-21)
219           	mag(U)        	0.000000e+00	(-1.980858e-02 2.540000e-02 -1.473427e-21)	6.626818e+00	(-3.957092e-04 1.629712e-03 -5.033340e-21)
220           	mag(U)        	0.000000e+00	(-1.980858e-02 2.540000e-02 -1.473427e-21)	6.626811e+00	(-3.957092e-04 1.629712e-03 -5.033340e-21)
221           	mag(U)        	0.000000e+00	(-1.980858e-02 2.540000e-02 -1.473427e-21)	6.626803e+00	(-3.957092e-04 1.629712e-03 -5.033340e-21)
222           	mag(U)        	0.000000e+00	(-1.980858e-02 2.540000e-02 -1.473427e-21)	6.626796e+00	(-3.957092e-04 1.629712e-03 -5.033340e-21)
223           	mag(U)        	0.000000e+00	(-1.980858e-02 2.540000e-02 -1.473427e-21)	6.626789e+00	(-3.957092e-04 1.629712e-03 -5.033340e-21)
224           	mag(U)        	0.000000e+00	(-1.980858e-02 2.540000e-02 -1.473427e-21)	6.626783e+00	(-3.957092e-04 1.629712e-03 -5.033340e-21)
225           	mag(U)        	0.000000e+00	(-1.980858e-02 2.540000e-02 -1.473427e-21)	6.626776e+00	(-3.957092e-04 1.629712e-03 -5.033340e-21)
226           	mag(U)        	0.000000e+00	(-1.980858e-02 2.540000e-02 -1.473427e-21)	6.626770e+00	(-3.957092e-04 1.629712e-03 -5.033340e-21)
227           	mag(U)        	0.000000e+00	(-1.980858e-02 2.540000e-02 -1.473427e-21)	6.626764e+00	(-3.957092e-04 1.629712e-03 -5.033340e-21)
228           	mag(U)        	0.000000e+00	(-1.980858e-02 2.540000e-02 -1.473427e-21)	6.626759e+00	(-3.957092e-04 1.629712e-03 -5.033340e-21)
229           	mag(U)        	0.000000e+00	(-1.980858e-02 2.540000e-02 -1.473427e-21)	6.626753e+00	(-3.957092e-04 1.629712e-03 -5.033340e-21)
230           	mag(U)        	0.000000e+00	(-1.980858e-02 2.540000e-02 -1.473427e-21)	6.626748e+00	(-3.957092e-04 1.629712e-03 -5.033340e-21)
231           	mag(U)        	0.000000e+00	(-1.980858e-02 2.540000e-02 -1.473427e-21)	6.626743e+00	(-3.957092e-04 1.629712e-03 -5.033340e-21)
232           	mag(U)        	0.000000e+00	(-1.980858e-02 2.540000e-02 -1.473427e-21)	6.626738e+00	(-3.957092e-04 1.629712e-03 -5.033340e-21)
233           	mag(U)        	0.000000e+00	(-1.980858e-02 2.540000e-02 -1.473427e-21)	6.626733e+00	(-3.957092e-04 1.629712e-03 -5.033340e-21)
234           	mag(U)        	0.000000e+00	(-1.980858e-02 2.540000e-02 -1.473427e-21)	6.626728e+00	(-3.957092e-04 1.629712e-03 -5.033340e-21)
235           	mag(U)        	0.000000e+00	(-1.980858e-02 2.540000e-02 -1.473427e-21)	6.626723e+00	(-3.957092e-04 1.629712e-03 -5.033340e-21)
236           	mag(U)        	0.000000e+00	(-1.980858e-02 2.540000e-02 -1.473427e-21)	6.626719e+00	(-3.957092e-04 1.629712e-03 -5.033340e-21)
237           	mag(U)        	0.000000e+00	(-1.980858e-02 2.540000e-02 -1.473427e-21)	6.626715e+00	(-3.957092e-04 1.629712e-03 -5.033340e-21)
238           	mag(U)        	0.000000e+00	(-1.980858e-02 2.540000e-02 -1.473427e-21)	6.626711e+00	(-3.957092e-04 1.629712e-03 -5.033340e-21)
239           	mag(U)        	0.000000e+00	(-1.980858e-02 2.540000e-02 -1.473427e-21)	6.626707e+00	(-3.957092e-04 1.629712e-03 -5.033340e-21)
240           	mag(U)        	0.000000e+00	(-1.980858e-02 2.540000e-02 -1.473427e-21)	6.626703e+00	(-3.957092e-04 1.629712e-03 -5.033340e-21)
241           	mag(U)        	0.000000e+00	(-1.980858e-02 2.540000e-02 -1.473427e-21)	6.626699e+00	(-3.957092e-04 1.629712e-03 -5.033340e-21)
242           	mag(U)        	0.000000e+00	(-1.980858e-02 2.540000e-02 -1.473427e-21)	6.626696e+00	(-3.957092e-04 1.629712e-03 -5.033340e-21)
243           	mag(U)        	0.000000e+00	(-1.980858e-02 2.540000e-02 -1.473427e-21)	6.626692e+00	(-3.957092e-04 1.629712e-03 -5.033340e-21)
244           	mag(U)        	0.000000e+00	(-1.980858e-02 2.540000e-02 -1.473427e-21)	6.626689e+00	(-3.957092e-04 1.629712e-03 -5.033340e-21)
245           	mag(U)        	0.000000e+00	(-1.980858e-02 2.540000e-02 -1.473427e-21)	6.626685e+00	(-3.957092e-04 1.629712e-03 -5.033340e-21)
246           	mag(U)        	0.000000e+00	(-1.980858e-02 2.540000e-02 -1.473427e-21)	6.626682e+00	(-3.957092e-04 1.629712e-03 -5.033340e-21)
247           	mag(U)        	0.000000e+00	(-1.980858e-02 2.540000e-02 -1.473427e-21)	6.626679e+00	(-3.957092e-04 1.629712e-03 -5.033340e-21)
248           	mag(U)        	0.000000e+00	(-1.980858e-02 2.540000e-02 -1.473427e-21)	6.626676e+00	(-3.957092e-04 1.629712e-03 -5.033340e-21)
249           	mag(U)        	0.000000e+00	(-1.980858e-02 2.540000e-02 -1.473427e-21)	6.626673e+00	(-3.957092e-04 1.629712e-03 -5.033340e-21)
250           	mag(U)        	0.000000e+00	(-1.980858e-02 2.540000e-02 -1.473427e-21)	6.626670e+00	(-3.957092e-04 1.629712e-03 -5.033340e-21)
251           	mag(U)        	0.000000e+00	(-1.980858e-02 2.540000e-02 -1.473427e-21)	6.626667e+00	(-3.957092e-04 1.629712e-03 -5.033340e-21)
252           	mag(U)        	0.000000e+00	(-1.980858e-02 2.540000e-02 -1.473427e-21)	6.626664e+00	(-3.957092e-04 1.629712e-03 -5.033340e-21)
253           	mag(U)        	0.000000e+00	(-1.980858e-02 2.540000e-02 -1.473427e-21)	6.626662e+00	(-3.957092e-04 1.629712e-03 -5.033340e-21)
254           	mag(U)        	0.000000e+00	(-1.980858e-02 2.540000e-02 -1.473427e-21)	6.626659e+00	(-3.957092e-04 1.629712e-03 -5.033340e-21)
255           	mag(U)        	0.000000e+00	(-1.980858e-02 2.540000e-02 -1.473427e-21)	6.626656e+00	(-3.957092e-04 1.629712e-03 -5.033340e-21)
256           	mag(U)        	0.000000e+00	(-1.980858e-02 2.540000e-02 -1.473427e-21)	6.626654e+00	(-3.957092e-04 1.629712e-03 -5.033340e-21)
257           	mag(U)        	0.000000e+00	(-1.980858e-02 2.540000e-02 -1.473427e-21)	6.626652e+00	(-3.957092e-04 1.629712e-03 -5.033340e-21)
258           	mag(U)        	0.000000e+00	(-1.980858e-02 2.540000e-02 -1.473427e-21)	6.626649e+00	(-3.957092e-04 1.629712e-03 -5.033340e-21)
259           	mag(U)        	0.000000e+00	(-1.980858e-02 2.540000e-02 -1.473427e-21)	6.626647e+00	(-3.957092e-04 1.629712e-03 -5.033340e-21)
260           	mag(U)        	0.000000e+00	(-1.980858e-02 2.540000e-02 -1.473427e-21)	6.626645e+00	(-3.957092e-04 1.629712e-03 -5.033340e-21)
261           	mag(U)        	0.000000e+00	(-1.980858e-02 2.540000e-02 -1.473427e-21)	6.626642e+00	(-3.957092e-04 1.629712e-03 -5.033340e-21)
262           	mag(U)        	0.000000e+00	(-1.980858e-02 2.540000e-02 -1.473427e-21)	6.626640e+00	(-3.957092e-04 1.629712e-03 -5.033340e-21)
263           	mag(U)        	0.000000e+00	(-1.980858e-02 2.540000e-02 -1.473427e-21)	6.626638e+00	(-3.957092e-04 1.629712e-03 -5.033340e-21)
264           	mag(U)        	0.000000e+00	(-1.980858e-02 2.540000e-02 -1.473427e-21)	6.626636e+00	(-3.957092e-04 1.629712e-03 -5.033340e-21)
265           	mag(U)        	0.000000e+00	(-1.980858e-02 2.540000e-02 -1.473427e-21)	6.626634e+00	(-3.957092e-04 1.629712e-03 -5.033340e-21)
266           	mag(U)        	0.000000e+00	(-1.980858e-02 2.540000e-02 -1.473427e-21)	6.626632e+00	(-3.957092e-04 1.629712e-03 -5.033340e-21)
267           	mag(U)        	0.000000e+00	(-1.980858e-02 2.540000e-02 -1.473427e-21)	6.626630e+00	(-3.957092e-04 1.629712e-03 -5.033340e-21)
268           	mag(U)        	0.000000e+00	(-1.980858e-02 2.540000e-02 -1.473427e-21)	6.626628e+00	(-3.957092e-04 1.629712e-03 -5.033340e-21)
269           	mag(U)        	0.000000e+00	(-1.980858e-02 2.540000e-02 -1.473427e-21)	6.626627e+00	(-3.957092e-04 1.629712e-03 -5.033340e-21)
270           	mag(U)        	0.000000e+00	(-1.980858e-02 2.540000e-02 -1.473427e-21)	6.626625e+00	(-3.957092e-04 1.629712e-03 -5.033340e-21)
271           	mag(U)        	0.000000e+00	(-1.980858e-02 2.540000e-02 -1.473427e-21)	6.626623e+00	(-3.957092e-04 1.629712e-03 -5.033340e-21)
272           	mag(U)        	0.000000e+00	(-1.980858e-02 2.540000e-02 -1.473427e-21)	6.626621e+00	(-3.957092e-04 1.629712e-03 -5.033340e-21)
273           	mag(U)        	0.000000e+00	(-1.980858e-02 2.540000e-02 -1.473427e-21)	6.626620e+00	(-3.957092e-04 1.629712e-03 -5.033340e-21)
274           	mag(U)        	0.000000e+00	(-1.980858e-02 2.540000e-02 -1.473427e-21)	6.626618e+00	(-3.957092e-04 1.629712e-03 -5.033340e-21)
275           	mag(U)        	0.000000e+00	(-1.980858e-02 2.540000e-02 -1.473427e-21)	6.626616e+00	(-3.957092e-04 1.629712e-03 -5.033340e-21)
276           	mag(U)        	0.000000e+00	(-1.980858e-02 2.540000e-02 -1.473427e-21)	6.626615e+00	(-3.957092e-04 1.629712e-03 -5.033340e-21)
277           	mag(U)        	0.000000e+00	(-1.980858e-02 2.540000e-02 -1.473427e-21)	6.626613e+00	(-3.957092e-04 1.629712e-03 -5.033340e-21)
278           	mag(U)        	0.000000e+00	(-1.980858e-02 2.540000e-02 -1.473427e-21)	6.626612e+00	(-3.957092e-04 1.629712e-03 -5.033340e-21)
279           	mag(U)        	0.000000e+00	(-1.980858e-02 2.540000e-02 -1.473427e-21)	6.626610e+00	(-3.957092e-04 1.629712e-03 -5.033340e-21)
280           	mag(U)        	0.000000e+00	(-1.980858e-02 2.540000e-02 -1.473427e-21)	6.626609e+00	(-3.957092e-04 1.629712e-03 -5.033340e-21)
281           	mag(U)        	0.000000e+00	(-1.980858e-02 2.540000e-02 -1.473427e-21)	6.626607e+00	(-3.957092e-04 1.629712e-03 -5.033340e-21)
282           	mag(U)        	0.000000e+00	(-1.980858e-02 2.540000e-02 -1.473427e-21)	6.626606e+00	(-3.957092e-04 1.629712e-03 -5.033340e-21)
283           	mag(U)        	0.000000e+00	(-1.980858e-02 2.540000e-02 -1.473427e-21)	6.626604e+00	(-3.957092e-04 1.629712e-03 -5.033340e-21)
284           	mag(U)        	0.000000e+00	(-1.980858e-02 2.540000e-02 -1.473427e-21)	6.626603e+00	(-3.957092e-04 1.629712e-03 -5.033340e-21)
285           	mag(U)        	0.000000e+00	(-1.980858e-02 2.540000e-02 -1.473427e-21)	6.626601e+00	(-3.957092e-04 1.629712e-03 -5.033340e-21)
286           	mag(U)        	0.000000e+00	(-1.980858e-02 2.540000e-02 -1.473427e-21)	6.626600e+00	(-3.957092e-04 1.629712e-03 -5.033340e-21)
287           	mag(U)        	0.000000e+00	(-1.980858e-02 2.540000e-02 -1.473427e-21)	6.626599e+00	(-3.957092e-04 1.629712e-03 -5.033340e-21)
288           	mag(U)        	0.000000e+00	(-1.980858e-02 2.540000e-02 -1.473427e-21)	6.626597e+00	(-3.957092e-04 1.629712e-03 -5.033340e-21)
289           	mag(U)        	0.000000e+00	(-1.980858e-02 2.540000e-02 -1.473427e-21)	6.626596e+00	(-3.957092e-04 1.629712e-03 -5.033340e-21)
290           	mag(U)        	0.000000e+00	(-1.980858e-02 2.540000e-02 -1.473427e-21)	6.626595e+00	(-3.957092e-04 1.629712e-03 -5.033340e-21)
291           	mag(U)        	0.000000e+00	(-1.980858e-02 2.540000e-02 -1.473427e-21)	6.626594e+00	(-3.957092e-04 1.629712e-03 -5.033340e-21)
292           	mag(U)        	0.000000e+00	(-1.980858e-02 2.540000e-02 -1.473427e-21)	6.626592e+00	(-3.957092e-04 1.629712e-03 -5.033340e-21)
293           	mag(U)        	0.000000e+00	(-1.980858e-02 2.540000e-02 -1.473427e-21)	6.626591e+00	(-3.957092e-04 1.629712e-03 -5.033340e-21)
294           	mag(U)        	0.000000e+00	(-1.980858e-02 2.540000e-02 -1.473427e-21)	6.626590e+00	(-3.957092e-04 1.629712e-03 -5.033340e-21)
295           	mag(U)        	0.000000e+00	(-1.980858e-02 2.540000e-02 -1.473427e-21)	6.626589e+00	(-3.957092e-04 1.629712e-03 -5.033340e-21)
296           	mag(U)        	0.000000e+00	(-1.980858e-02 2.540000e-02 -1.473427e-21)	6.626588e+00	(-3.957092e-04 1.629712e-03 -5.033340e-21)
297           	mag(U)        	0.000000e+00	(-1.980858e-02 2.540000e-02 -1.473427e-21)	6.626586e+00	(-3.957092e-04 1.629712e-03 -5.033340e-21)
298           	mag(U)        	0.000000e+00	(-1.980858e-02 2.540000e-02 -1.473427e-21)	6.626585e+00	(-3.957092e-04 1.629712e-03 -5.033340e-21)
299           	mag(U)        	0.000000e+00	(-1.980858e-02 2.540000e-02 -1.473427e-21)	6.626584e+00	(-3.957092e-04 1.629712e-03 -5.033340e-21)
300           	mag(U)        	0.000000e+00	(-1.980858e-02 2.540000e-02 -1.473427e-21)	6.626583e+00	(-3.957092e-04 1.629712e-03 -5.033340e-21)
301           	mag(U)        	0.000000e+00	(-1.980858e-02 2.540000e-02 -1.473427e-21)	6.626582e+00	(-3.957092e-04 1.629712e-03 -5.033340e-21)
302           	mag(U)        	0.000000e+00	(-1.980858e-02 2.540000e-02 -1.473427e-21)	6.626581e+00	(-3.957092e-04 1.629712e-03 -5.033340e-21)
303           	mag(U)        	0.000000e+00	(-1.980858e-02 2.540000e-02 -1.473427e-21)	6.626580e+00	(-3.957092e-04 1.629712e-03 -5.033340e-21)
304           	mag(U)        	0.000000e+00	(-1.980858e-02 2.540000e-02 -1.473427e-21)	6.626579e+00	(-3.957092e-04 1.629712e-03 -5.033340e-21)
305           	mag(U)        	0.000000e+00	(-1.980858e-02 2.540000e-02 -1.473427e-21)	6.626578e+00	(-3.957092e-04 1.629712e-03 -5.033340e-21)
306           	mag(U)        	0.000000e+00	(-1.980858e-02 2.540000e-02 -1.473427e-21)	6.626577e+00	(-3.957092e-04 1.629712e-03 -5.033340e-21)
307           	mag(U)        	0.000000e+00	(-1.980858e-02 2.540000e-02 -1.473427e-21)	6.626576e+00	(-3.957092e-04 1.629712e-03 -5.033340e-21)
308           	mag(U)        	0.000000e+00	(-1.980858e-02 2.540000e-02 -1.473427e-21)	6.626575e+00	(-3.957092e-04 1.629712e-03 -5.033340e-21)
309           	mag(U)        	0.000000e+00	(-1.980858e-02 2.540000e-02 -1.473427e-21)	6.626574e+00	(-3.957092e-04 1.629712e-03 -5.033340e-21)
310           	mag(U)        	0.000000e+00	(-1.980858e-02 2.540000e-02 -1.473427e-21)	6.626573e+00	(-3.957092e-04 1.629712e-03 -5.033340e-21)
311           	mag(U)        	0.000000e+00	(-1.980858e-02 2.540000e-02 -1.473427e-21)	6.626572e+00	(-3.957092e-04 1.629712e-03 -5.033340e-21)
312           	mag(U)        	0.000000e+00	(-1.980858e-02 2.540000e-02 -1.473427e-21)	6.626571e+00	(-3.957092e-04 1.629712e-03 -5.033340e-21)
313           	mag(U)        	0.000000e+00	(-1.980858e-02 2.540000e-02 -1.473427e-21)	6.626570e+00	(-3.957092e-04 1.629712e-03 -5.033340e-21)
314           	mag(U)        	0.000000e+00	(-1.980858e-02 2.540000e-02 -1.473427e-21)	6.626569e+00	(-3.957092e-04 1.629712e-03 -5.033340e-21)
315           	mag(U)        	0.000000e+00	(-1.980858e-02 2.540000e-02 -1.473427e-21)	6.626568e+00	(-3.957092e-04 1.629712e-03 -5.033340e-21)
316           	mag(U)        	0.000000e+00	(-1.980858e-02 2.540000e-02 -1.473427e-21)	6.626567e+00	(-3.957092e-04 1.629712e-03 -5.033340e-21)
317           	mag(U)        	0.000000e+00	(-1.980858e-02 2.540000e-02 -1.473427e-21)	6.626567e+00	(-3.957092e-04 1.629712e-03 -5.033340e-21)
318           	mag(U)        	0.000000e+00	(-1.980858e-02 2.540000e-02 -1.473427e-21)	6.626566e+00	(-3.957092e-04 1.629712e-03 -5.033340e-21)
319           	mag(U)        	0.000000e+00	(-1.980858e-02 2.540000e-02 -1.473427e-21)	6.626565e+00	(-3.957092e-04 1.629712e-03 -5.033340e-21)
320           	mag(U)        	0.000000e+00	(-1.980858e-02 2.540000e-02 -1.473427e-21)	6.626564e+00	(-3.957092e-04 1.629712e-03 -5.033340e-21)
321           	mag(U)        	0.000000e+00	(-1.980858e-02 2.540000e-02 -1.473427e-21)	6.626563e+00	(-3.957092e-04 1.629712e-03 -5.033340e-21)
322           	mag(U)        	0.000000e+00	(-1.980858e-02 2.540000e-02 -1.473427e-21)	6.626563e+00	(-3.957092e-04 1.629712e-03 -5.033340e-21)
323           	mag(U)        	0.000000e+00	(-1.980858e-02 2.540000e-02 -1.473427e-21)	6.626562e+00	(-3.957092e-04 1.629712e-03 -5.033340e-21)
324           	mag(U)        	0.000000e+00	(-1.980858e-02 2.540000e-02 -1.473427e-21)	6.626561e+00	(-3.957092e-04 1.629712e-03 -5.033340e-21)
325           	mag(U)        	0.000000e+00	(-1.980858e-02 2.540000e-02 -1.473427e-21)	6.626560e+00	(-3.957092e-04 1.629712e-03 -5.033340e-21)
326           	mag(U)        	0.000000e+00	(-1.980858e-02 2.540000e-02 -1.473427e-21)	6.626560e+00	(-3.957092e-04 1.629712e-03 -5.033340e-21)
327           	mag(U)        	0.000000e+00	(-1.980858e-02 2.540000e-02 -1.473427e-21)	6.626559e+00	(-3.957092e-04 1.629712e-03 -5.033340e-21)
328           	mag(U)        	0.000000e+00	(-1.980858e-02 2.540000e-02 -1.473427e-21)	6.626558e+00	(-3.957092e-04 1.629712e-03 -5.033340e-21)
329           	mag(U)        	0.000000e+00	(-1.980858e-02 2.540000e-02 -1.473427e-21)	6.626558e+00	(-3.957092e-04 1.629712e-03 -5.033340e-21)
330           	mag(U)        	0.000000e+00	(-1.980858e-02 2.540000e-02 -1.473427e-21)	6.626557e+00	(-3.957092e-04 1.629712e-03 -5.033340e-21)
331           	mag(U)        	0.000000e+00	(-1.980858e-02 2.540000e-02 -1.473427e-21)	6.626556e+00	(-3.957092e-04 1.629712e-03 -5.033340e-21)
332           	mag(U)        	0.000000e+00	(-1.980858e-02 2.540000e-02 -1.473427e-21)	6.626556e+00	(-3.957092e-04 1.629712e-03 -5.033340e-21)
333           	mag(U)        	0.000000e+00	(-1.980858e-02 2.540000e-02 -1.473427e-21)	6.626555e+00	(-3.957092e-04 1.629712e-03 -5.033340e-21)
334           	mag(U)        	0.000000e+00	(-1.980858e-02 2.540000e-02 -1.473427e-21)	6.626554e+00	(-3.957092e-04 1.629712e-03 -5.033340e-21)
335           	mag(U)        	0.000000e+00	(-1.980858e-02 2.540000e-02 -1.473427e-21)	6.626554e+00	(-3.957092e-04 1.629712e-03 -5.033340e-21)
336           	mag(U)        	0.000000e+00	(-1.980858e-02 2.540000e-02 -1.473427e-21)	6.626553e+00	(-3.957092e-04 1.629712e-03 -5.033340e-21)
337           	mag(U)        	0.000000e+00	(-1.980858e-02 2.540000e-02 -1.473427e-21)	6.626553e+00	(-3.957092e-04 1.629712e-03 -5.033340e-21)
338           	mag(U)        	0.000000e+00	(-1.980858e-02 2.540000e-02 -1.473427e-21)	6.626552e+00	(-3.957092e-04 1.629712e-03 -5.033340e-21)
339           	mag(U)        	0.000000e+00	(-1.980858e-02 2.540000e-02 -1.473427e-21)	6.626552e+00	(-3.957092e-04 1.629712e-03 -5.033340e-21)
340           	mag(U)        	0.000000e+00	(-1.980858e-02 2.540000e-02 -1.473427e-21)	6.626551e+00	(-3.957092e-04 1.629712e-03 -5.033340e-21)
341           	mag(U)        	0.000000e+00	(-1.980858e-02 2.540000e-02 -1.473427e-21)	6.626550e+00	(-3.957092e-04 1.629712e-03 -5.033340e-21)
342           	mag(U)        	0.000000e+00	(-1.980858e-02 2.540000e-02 -1.473427e-21)	6.626550e+00	(-3.957092e-04 1.629712e-03 -5.033340e-21)
343           	mag(U)        	0.000000e+00	(-1.980858e-02 2.540000e-02 -1.473427e-21)	6.626549e+00	(-3.957092e-04 1.629712e-03 -5.033340e-21)
344           	mag(U)        	0.000000e+00	(-1.980858e-02 2.540000e-02 -1.473427e-21)	6.626549e+00	(-3.957092e-04 1.629712e-03 -5.033340e-21)
345           	mag(U)        	0.000000e+00	(-1.980858e-02 2.540000e-02 -1.473427e-21)	6.626549e+00	(-3.957092e-04 1.629712e-03 -5.033340e-21)
346           	mag(U)        	0.000000e+00	(-1.980858e-02 2.540000e-02 -1.473427e-21)	6.626548e+00	(-3.957092e-04 1.629712e-03 -5.033340e-21)
347           	mag(U)        	0.000000e+00	(-1.980858e-02 2.540000e-02 -1.473427e-21)	6.626548e+00	(-3.957092e-04 1.629712e-03 -5.033340e-21)
348           	mag(U)        	0.000000e+00	(-1.980858e-02 2.540000e-02 -1.473427e-21)	6.626547e+00	(-3.957092e-04 1.629712e-03 -5.033340e-21)
349           	mag(U)        	0.000000e+00	(-1.980858e-02 2.540000e-02 -1.473427e-21)	6.626547e+00	(-3.957092e-04 1.629712e-03 -5.033340e-21)
350           	mag(U)        	0.000000e+00	(-1.980858e-02 2.540000e-02 -1.473427e-21)	6.626546e+00	(-3.957092e-04 1.629712e-03 -5.033340e-21)
351           	mag(U)        	0.000000e+00	(-1.980858e-02 2.540000e-02 -1.473427e-21)	6.626546e+00	(-3.957092e-04 1.629712e-03 -5.033340e-21)
352           	mag(U)        	0.000000e+00	(-1.980858e-02 2.540000e-02 -1.473427e-21)	6.626546e+00	(-3.957092e-04 1.629712e-03 -5.033340e-21)
353           	mag(U)        	0.000000e+00	(-1.980858e-02 2.540000e-02 -1.473427e-21)	6.626545e+00	(-3.957092e-04 1.629712e-03 -5.033340e-21)
354           	mag(U)        	0.000000e+00	(-1.980858e-02 2.540000e-02 -1.473427e-21)	6.626545e+00	(-3.957092e-04 1.629712e-03 -5.033340e-21)
355           	mag(U)        	0.000000e+00	(-1.980858e-02 2.540000e-02 -1.473427e-21)	6.626544e+00	(-3.957092e-04 1.629712e-03 -5.033340e-21)
356           	mag(U)        	0.000000e+00	(-1.980858e-02 2.540000e-02 -1.473427e-21)	6.626544e+00	(-3.957092e-04 1.629712e-03 -5.033340e-21)
357           	mag(U)        	0.000000e+00	(-1.980858e-02 2.540000e-02 -1.473427e-21)	6.626544e+00	(-3.957092e-04 1.629712e-03 -5.033340e-21)
358           	mag(U)        	0.000000e+00	(-1.980858e-02 2.540000e-02 -1.473427e-21)	6.626543e+00	(-3.957092e-04 1.629712e-03 -5.033340e-21)
359           	mag(U)        	0.000000e+00	(-1.980858e-02 2.540000e-02 -1.473427e-21)	6.626543e+00	(-3.957092e-04 1.629712e-03 -5.033340e-21)
360           	mag(U)        	0.000000e+00	(-1.980858e-02 2.540000e-02 -1.473427e-21)	6.626543e+00	(-3.957092e-04 1.629712e-03 -5.033340e-21)
361           	mag(U)        	0.000000e+00	(-1.980858e-02 2.540000e-02 -1.473427e-21)	6.626542e+00	(-3.957092e-04 1.629712e-03 -5.033340e-21)
362           	mag(U)        	0.000000e+00	(-1.980858e-02 2.540000e-02 -1.473427e-21)	6.626542e+00	(-3.957092e-04 1.629712e-03 -5.033340e-21)
363           	mag(U)        	0.000000e+00	(-1.980858e-02 2.540000e-02 -1.473427e-21)	6.626542e+00	(-3.957092e-04 1.629712e-03 -5.033340e-21)
364           	mag(U)        	0.000000e+00	(-1.980858e-02 2.540000e-02 -1.473427e-21)	6.626542e+00	(-3.957092e-04 1.629712e-03 -5.033340e-21)
365           	mag(U)        	0.000000e+00	(-1.980858e-02 2.540000e-02 -1.473427e-21)	6.626541e+00	(-3.957092e-04 1.629712e-03 -5.033340e-21)
366           	mag(U)        	0.000000e+00	(-1.980858e-02 2.540000e-02 -1.473427e-21)	6.626541e+00	(-3.957092e-04 1.629712e-03 -5.033340e-21)
367           	mag(U)        	0.000000e+00	(-1.980858e-02 2.540000e-02 -1.473427e-21)	6.626541e+00	(-3.957092e-04 1.629712e-03 -5.033340e-21)
368           	mag(U)        	0.000000e+00	(-1.980858e-02 2.540000e-02 -1.473427e-21)	6.626541e+00	(-3.957092e-04 1.629712e-03 -5.033340e-21)
369           	mag(U)        	0.000000e+00	(-1.980858e-02 2.540000e-02 -1.473427e-21)	6.626540e+00	(-3.957092e-04 1.629712e-03 -5.033340e-21)
370           	mag(U)        	0.000000e+00	(-1.980858e-02 2.540000e-02 -1.473427e-21)	6.626540e+00	(-3.957092e-04 1.629712e-03 -5.033340e-21)
371           	mag(U)        	0.000000e+00	(-1.980858e-02 2.540000e-02 -1.473427e-21)	6.626540e+00	(-3.957092e-04 1.629712e-03 -5.033340e-21)
372           	mag(U)        	0.000000e+00	(-1.980858e-02 2.540000e-02 -1.473427e-21)	6.626540e+00	(-3.957092e-04 1.629712e-03 -5.033340e-21)
373           	mag(U)        	0.000000e+00	(-1.980858e-02 2.540000e-02 -1.473427e-21)	6.626539e+00	(-3.957092e-04 1.629712e-03 -5.033340e-21)
374           	mag(U)        	0.000000e+00	(-1.980858e-02 2.540000e-02 -1.473427e-21)	6.626539e+00	(-3.957092e-04 1.629712e-03 -5.033340e-21)
375           	mag(U)        	0.000000e+00	(-1.980858e-02 2.540000e-02 -1.473427e-21)	6.626539e+00	(-3.957092e-04 1.629712e-03 -5.033340e-21)
376           	mag(U)        	0.000000e+00	(-1.980858e-02 2.540000e-02 -1.473427e-21)	6.626539e+00	(-3.957092e-04 1.629712e-03 -5.033340e-21)
377           	mag(U)        	0.000000e+00	(-1.980858e-02 2.540000e-02 -1.473427e-21)	6.626539e+00	(-3.957092e-04 1.629712e-03 -5.033340e-21)
378           	mag(U)        	0.000000e+00	(-1.980858e-02 2.540000e-02 -1.473427e-21)	6.626538e+00	(-3.957092e-04 1.629712e-03 -5.033340e-21)
379           	mag(U)        	0.000000e+00	(-1.980858e-02 2.540000e-02 -1.473427e-21)	6.626538e+00	(-3.957092e-04 1.629712e-03 -5.033340e-21)
380           	mag(U)        	0.000000e+00	(-1.980858e-02 2.540000e-02 -1.473427e-21)	6.626538e+00	(-3.957092e-04 1.629712e-03 -5.033340e-21)
381           	mag(U)        	0.000000e+00	(-1.980858e-02 2.540000e-02 -1.473427e-21)	6.626538e+00	(-3.957092e-04 1.629712e-03 -5.033340e-21)
382           	mag(U)        	0.000000e+00	(-1.980858e-02 2.540000e-02 -1.473427e-21)	6.626538e+00	(-3.957092e-04 1.629712e-03 -5.033340e-21)
383           	mag(U)        	0.000000e+00	(-1.980858e-02 2.540000e-02 -1.473427e-21)	6.626537e+00	(-3.957092e-04 1.629712e-03 -5.033340e-21)
384           	mag(U)        	0.000000e+00	(-1.980858e-02 2.540000e-02 -1.473427e-21)	6.626537e+00	(-3.957092e-04 1.629712e-03 -5.033340e-21)
385           	mag(U)        	0.000000e+00	(-1.980858e-02 2.540000e-02 -1.473427e-21)	6.626537e+00	(-3.957092e-04 1.629712e-03 -5.033340e-21)
386           	mag(U)        	0.000000e+00	(-1.980858e-02 2.540000e-02 -1.473427e-21)	6.626537e+00	(-3.957092e-04 1.629712e-03 -5.033340e-21)
387           	mag(U)        	0.000000e+00	(-1.980858e-02 2.540000e-02 -1.473427e-21)	6.626537e+00	(-3.957092e-04 1.629712e-03 -5.033340e-21)
388           	mag(U)        	0.000000e+00	(-1.980858e-02 2.540000e-02 -1.473427e-21)	6.626537e+00	(-3.957092e-04 1.629712e-03 -5.033340e-21)
389           	mag(U)        	0.000000e+00	(-1.980858e-02 2.540000e-02 -1.473427e-21)	6.626537e+00	(-3.957092e-04 1.629712e-03 -5.033340e-21)
390           	mag(U)        	0.000000e+00	(-1.980858e-02 2.540000e-02 -1.473427e-21)	6.626536e+00	(-3.957092e-04 1.629712e-03 -5.033340e-21)
391           	mag(U)        	0.000000e+00	(-1.980858e-02 2.540000e-02 -1.473427e-21)	6.626536e+00	(-3.957092e-04 1.629712e-03 -5.033340e-21)
392           	mag(U)        	0.000000e+00	(-1.980858e-02 2.540000e-02 -1.473427e-21)	6.626536e+00	(-3.957092e-04 1.629712e-03 -5.033340e-21)
393           	mag(U)        	0.000000e+00	(-1.980858e-02 2.540000e-02 -1.473427e-21)	6.626536e+00	(-3.957092e-04 1.629712e-03 -5.033340e-21)
394           	mag(U)        	0.000000e+00	(-1.980858e-02 2.540000e-02 -1.473427e-21)	6.626536e+00	(-3.957092e-04 1.629712e-03 -5.033340e-21)
395           	mag(U)        	0.000000e+00	(-1.980858e-02 2.540000e-02 -1.473427e-21)	6.626536e+00	(-3.957092e-04 1.629712e-03 -5.033340e-21)
396           	mag(U)        	0.000000e+00	(-1.980858e-02 2.540000e-02 -1.473427e-21)	6.626536e+00	(-3.957092e-04 1.629712e-03 -5.033340e-21)
397           	mag(U)        	0.000000e+00	(-1.980858e-02 2.540000e-02 -1.473427e-21)	6.626536e+00	(-3.957092e-04 1.629712e-03 -5.033340e-21)
398           	mag(U)        	0.000000e+00	(-1.980858e-02 2.540000e-02 -1.473427e-21)	6.626536e+00	(-3.957092e-04 1.629712e-03 -5.033340e-21)
399           	mag(U)        	0.000000e+00	(-1.980858e-02 2.540000e-02 -1.473427e-21)	6.626535e+00	(-3.957092e-04 1.629712e-03 -5.033340e-21)
400           	mag(U)        	0.000000e+00	(-1.980858e-02 2.540000e-02 -1.473427e-21)	6.626535e+00	(-3.957092e-04 1.629712e-03 -5.033340e-21)
401           	mag(U)        	0.000000e+00	(-1.980858e-02 2.540000e-02 -1.473427e-21)	6.626535e+00	(-3.957092e-04 1.629712e-03 -5.033340e-21)
402           	mag(U)        	0.000000e+00	(-1.980858e-02 2.540000e-02 -1.473427e-21)	6.626535e+00	(-3.957092e-04 1.629712e-03 -5.033340e-21)
403           	mag(U)        	0.000000e+00	(-1.980858e-02 2.540000e-02 -1.473427e-21)	6.626535e+00	(-3.957092e-04 1.629712e-03 -5.033340e-21)
404           	mag(U)        	0.000000e+00	(-1.980858e-02 2.540000e-02 -1.473427e-21)	6.626535e+00	(-3.957092e-04 1.629712e-03 -5.033340e-21)
405           	mag(U)        	0.000000e+00	(-1.980858e-02 2.540000e-02 -1.473427e-21)	6.626535e+00	(-3.957092e-04 1.629712e-03 -5.033340e-21)
406           	mag(U)        	0.000000e+00	(-1.980858e-02 2.540000e-02 -1.473427e-21)	6.626535e+00	(-3.957092e-04 1.629712e-03 -5.033340e-21)
407           	mag(U)        	0.000000e+00	(-1.980858e-02 2.540000e-02 -1.473427e-21)	6.626535e+00	(-3.957092e-04 1.629712e-03 -5.033340e-21)
408           	mag(U)        	0.000000e+00	(-1.980858e-02 2.540000e-02 -1.473427e-21)	6.626535e+00	(-3.957092e-04 1.629712e-03 -5.033340e-21)
409           	mag(U)        	0.000000e+00	(-1.980858e-02 2.540000e-02 -1.473427e-21)	6.626535e+00	(-3.957092e-04 1.629712e-03 -5.033340e-21)
410           	mag(U)        	0.000000e+00	(-1.980858e-02 2.540000e-02 -1.473427e-21)	6.626535e+00	(-3.957092e-04 1.629712e-03 -5.033340e-21)
411           	mag(U)        	0.000000e+00	(-1.980858e-02 2.540000e-02 -1.473427e-21)	6.626534e+00	(-3.957092e-04 1.629712e-03 -5.033340e-21)
412           	mag(U)        	0.000000e+00	(-1.980858e-02 2.540000e-02 -1.473427e-21)	6.626534e+00	(-3.957092e-04 1.629712e-03 -5.033340e-21)
413           	mag(U)        	0.000000e+00	(-1.980858e-02 2.540000e-02 -1.473427e-21)	6.626534e+00	(-3.957092e-04 1.629712e-03 -5.033340e-21)
414           	mag(U)        	0.000000e+00	(-1.980858e-02 2.540000e-02 -1.473427e-21)	6.626534e+00	(-3.957092e-04 1.629712e-03 -5.033340e-21)
415           	mag(U)        	0.000000e+00	(-1.980858e-02 2.540000e-02 -1.473427e-21)	6.626534e+00	(-3.957092e-04 1.629712e-03 -5.033340e-21)
416           	mag(U)        	0.000000e+00	(-1.980858e-02 2.540000e-02 -1.473427e-21)	6.626534e+00	(-3.957092e-04 1.629712e-03 -5.033340e-21)
417           	mag(U)        	0.000000e+00	(-1.980858e-02 2.540000e-02 -1.473427e-21)	6.626534e+00	(-3.957092e-04 1.629712e-03 -5.033340e-21)
418           	mag(U)        	0.000000e+00	(-1.980858e-02 2.540000e-02 -1.473427e-21)	6.626534e+00	(-3.957092e-04 1.629712e-03 -5.033340e-21)
419           	mag(U)        	0.000000e+00	(-1.980858e-02 2.540000e-02 -1.473427e-21)	6.626534e+00	(-3.957092e-04 1.629712e-03 -5.033340e-21)
420           	mag(U)        	0.000000e+00	(-1.980858e-02 2.540000e-02 -1.473427e-21)	6.626534e+00	(-3.957092e-04 1.629712e-03 -5.033340e-21)
421           	mag(U)        	0.000000e+00	(-1.980858e-02 2.540000e-02 -1.473427e-21)	6.626534e+00	(-3.957092e-04 1.629712e-03 -5.033340e-21)
422           	mag(U)        	0.000000e+00	(-1.980858e-02 2.540000e-02 -1.473427e-21)	6.626534e+00	(-3.957092e-04 1.629712e-03 -5.033340e-21)
423           	mag(U)        	0.000000e+00	(-1.980858e-02 2.540000e-02 -1.473427e-21)	6.626534e+00	(-3.957092e-04 1.629712e-03 -5.033340e-21)
424           	mag(U)        	0.000000e+00	(-1.980858e-02 2.540000e-02 -1.473427e-21)	6.626534e+00	(-3.957092e-04 1.629712e-03 -5.033340e-21)
425           	mag(U)        	0.000000e+00	(-1.980858e-02 2.540000e-02 -1.473427e-21)	6.626534e+00	(-3.957092e-04 1.629712e-03 -5.033340e-21)
426           	mag(U)        	0.000000e+00	(-1.980858e-02 2.540000e-02 -1.473427e-21)	6.626534e+00	(-3.957092e-04 1.629712e-03 -5.033340e-21)
427           	mag(U)        	0.000000e+00	(-1.980858e-02 2.540000e-02 -1.473427e-21)	6.626534e+00	(-3.957092e-04 1.629712e-03 -5.033340e-21)
428           	mag(U)        	0.000000e+00	(-1.980858e-02 2.540000e-02 -1.473427e-21)	6.626534e+00	(-3.957092e-04 1.629712e-03 -5.033340e-21)
429           	mag(U)        	0.000000e+00	(-1.980858e-02 2.540000e-02 -1.473427e-21)	6.626534e+00	(-3.957092e-04 1.629712e-03 -5.033340e-21)
430           	mag(U)        	0.000000e+00	(-1.980858e-02 2.540000e-02 -1.473427e-21)	6.626534e+00	(-3.957092e-04 1.629712e-03 -5.033340e-21)
431           	mag(U)        	0.000000e+00	(-1.980858e-02 2.540000e-02 -1.473427e-21)	6.626533e+00	(-3.957092e-04 1.629712e-03 -5.033340e-21)
432           	mag(U)        	0.000000e+00	(-1.980858e-02 2.540000e-02 -1.473427e-21)	6.626533e+00	(-3.957092e-04 1.629712e-03 -5.033340e-21)
433           	mag(U)        	0.000000e+00	(-1.980858e-02 2.540000e-02 -1.473427e-21)	6.626533e+00	(-3.957092e-04 1.629712e-03 -5.033340e-21)
434           	mag(U)        	0.000000e+00	(-1.980858e-02 2.540000e-02 -1.473427e-21)	6.626533e+00	(-3.957092e-04 1.629712e-03 -5.033340e-21)
435           	mag(U)        	0.000000e+00	(-1.980858e-02 2.540000e-02 -1.473427e-21)	6.626533e+00	(-3.957092e-04 1.629712e-03 -5.033340e-21)
436           	mag(U)        	0.000000e+00	(-1.980858e-02 2.540000e-02 -1.473427e-21)	6.626533e+00	(-3.957092e-04 1.629712e-03 -5.033340e-21)
437           	mag(U)        	0.000000e+00	(-1.980858e-02 2.540000e-02 -1.473427e-21)	6.626533e+00	(-3.957092e-04 1.629712e-03 -5.033340e-21)
438           	mag(U)        	0.000000e+00	(-1.980858e-02 2.540000e-02 -1.473427e-21)	6.626533e+00	(-3.957092e-04 1.629712e-03 -5.033340e-21)
439           	mag(U)        	0.000000e+00	(-1.980858e-02 2.540000e-02 -1.473427e-21)	6.626533e+00	(-3.957092e-04 1.629712e-03 -5.033340e-21)
440           	mag(U)        	0.000000e+00	(-1.980858e-02 2.540000e-02 -1.473427e-21)	6.626533e+00	(-3.957092e-04 1.629712e-03 -5.033340e-21)
441           	mag(U)        	0.000000e+00	(-1.980858e-02 2.540000e-02 -1.473427e-21)	6.626533e+00	(-3.957092e-04 1.629712e-03 -5.033340e-21)
442           	mag(U)        	0.000000e+00	(-1.980858e-02 2.540000e-02 -1.473427e-21)	6.626533e+00	(-3.957092e-04 1.629712e-03 -5.033340e-21)
443           	mag(U)        	0.000000e+00	(-1.980858e-02 2.540000e-02 -1.473427e-21)	6.626533e+00	(-3.957092e-04 1.629712e-03 -5.033340e-21)
444           	mag(U)        	0.000000e+00	(-1.980858e-02 2.540000e-02 -1.473427e-21)	6.626533e+00	(-3.957092e-04 1.629712e-03 -5.033340e-21)
445           	mag(U)        	0.000000e+00	(-1.980858e-02 2.540000e-02 -1.473427e-21)	6.626533e+00	(-3.957092e-04 1.629712e-03 -5.033340e-21)
446           	mag(U)        	0.000000e+00	(-1.980858e-02 2.540000e-02 -1.473427e-21)	6.626533e+00	(-3.957092e-04 1.629712e-03 -5.033340e-21)
447           	mag(U)        	0.000000e+00	(-1.980858e-02 2.540000e-02 -1.473427e-21)	6.626533e+00	(-3.957092e-04 1.629712e-03 -5.033340e-21)
448           	mag(U)        	0.000000e+00	(-1.980858e-02 2.540000e-02 -1.473427e-21)	6.626533e+00	(-3.957092e-04 1.629712e-03 -5.033340e-21)
449           	mag(U)        	0.000000e+00	(-1.980858e-02 2.540000e-02 -1.473427e-21)	6.626533e+00	(-3.957092e-04 1.629712e-03 -5.033340e-21)
450           	mag(U)        	0.000000e+00	(-1.980858e-02 2.540000e-02 -1.473427e-21)	6.626533e+00	(-3.957092e-04 1.629712e-03 -5.033340e-21)
451           	mag(U)        	0.000000e+00	(-1.980858e-02 2.540000e-02 -1.473427e-21)	6.626533e+00	(-3.957092e-04 1.629712e-03 -5.033340e-21)
452           	mag(U)        	0.000000e+00	(-1.980858e-02 2.540000e-02 -1.473427e-21)	6.626533e+00	(-3.957092e-04 1.629712e-03 -5.033340e-21)
453           	mag(U)        	0.000000e+00	(-1.980858e-02 2.540000e-02 -1.473427e-21)	6.626533e+00	(-3.957092e-04 1.629712e-03 -5.033340e-21)
454           	mag(U)        	0.000000e+00	(-1.980858e-02 2.540000e-02 -1.473427e-21)	6.626533e+00	(-3.957092e-04 1.629712e-03 -5.033340e-21)
455           	mag(U)        	0.000000e+00	(-1.980858e-02 2.540000e-02 -1.473427e-21)	6.626533e+00	(-3.957092e-04 1.629712e-03 -5.033340e-21)
456           	mag(U)        	0.000000e+00	(-1.980858e-02 2.540000e-02 -1.473427e-21)	6.626533e+00	(-3.957092e-04 1.629712e-03 -5.033340e-21)
457           	mag(U)        	0.000000e+00	(-1.980858e-02 2.540000e-02 -1.473427e-21)	6.626533e+00	(-3.957092e-04 1.629712e-03 -5.033340e-21)
458           	mag(U)        	0.000000e+00	(-1.980858e-02 2.540000e-02 -1.473427e-21)	6.626533e+00	(-3.957092e-04 1.629712e-03 -5.033340e-21)
459           	mag(U)        	0.000000e+00	(-1.980858e-02 2.540000e-02 -1.473427e-21)	6.626533e+00	(-3.957092e-04 1.629712e-03 -5.033340e-21)
460           	mag(U)        	0.000000e+00	(-1.980858e-02 2.540000e-02 -1.473427e-21)	6.626533e+00	(-3.957092e-04 1.629712e-03 -5.033340e-21)
461           	mag(U)        	0.000000e+00	(-1.980858e-02 2.540000e-02 -1.473427e-21)	6.626533e+00	(-3.957092e-04 1.629712e-03 -5.033340e-21)
